! sens/instr/sat chan  use pressure gross   obs    b_aero  pg_aero
!                                  error  error variational qc
 v.modis_aqua       1    -1   0.000  0.500  0.350  1.000  0.000
 v.modis_aqua       2    -1   0.000  0.500  0.350  1.000  0.000
 v.modis_aqua       3    -1   0.000  0.500  0.350  1.000  0.000
 v.modis_aqua       4     1   0.000  0.500  0.350  1.000  0.000
 v.modis_aqua       5    -1   0.000  0.500  0.350  1.000  0.000
 v.modis_aqua       6    -1   0.000  0.500  0.350  1.000  0.000
 v.modis_aqua       7    -1   0.000  0.500  0.350  1.000  0.000
 v.modis_aqua       8    -1   0.000  0.500  0.350  1.000  0.000
 v.modis_aqua       9    -1   0.000  0.500  0.350  1.000  0.000
 v.modis_aqua      10    -1   0.000  0.500  0.350  1.000  0.000
 v.modis_aqua      11    -1   0.000  0.500  0.350  1.000  0.000
 v.modis_aqua      12    -1   0.000  0.500  0.350  1.000  0.000
 v.modis_aqua      13    -1   0.000  0.500  0.350  1.000  0.000
 v.modis_aqua      14    -1   0.000  0.500  0.350  1.000  0.000
 v.modis_aqua      15    -1   0.000  0.500  0.350  1.000  0.000
 v.modis_aqua      16    -1   0.000  0.500  0.350  1.000  0.000
 v.modis_aqua      17    -1   0.000  0.500  0.350  1.000  0.000
 v.modis_aqua      18    -1   0.000  0.500  0.350  1.000  0.000
 v.modis_aqua      19    -1   0.000  0.500  0.350  1.000  0.000
 v.modis_aqua      26    -1   0.000  0.500  0.350  1.000  0.000
 v.modis_terra      1    -1   0.000  0.500  0.340  1.000  0.000
 v.modis_terra      2    -1   0.000  0.500  0.340  1.000  0.000
 v.modis_terra      3    -1   0.000  0.500  0.340  1.000  0.000
 v.modis_terra      4     1   0.000  0.500  0.050  1.000  0.000
 v.modis_terra      5    -1   0.000  0.500  0.340  1.000  0.000
 v.modis_terra      6    -1   0.000  0.500  0.340  1.000  0.000
 v.modis_terra      7    -1   0.000  0.500  0.340  1.000  0.000
 v.modis_terra      8    -1   0.000  0.500  0.340  1.000  0.000
 v.modis_terra      9    -1   0.000  0.500  0.340  1.000  0.000
 v.modis_terra     10    -1   0.000  0.500  0.340  1.000  0.000
 v.modis_terra     11    -1   0.000  0.500  0.340  1.000  0.000
 v.modis_terra     12    -1   0.000  0.500  0.340  1.000  0.000
 v.modis_terra     13    -1   0.000  0.500  0.340  1.000  0.000
 v.modis_terra     14    -1   0.000  0.500  0.340  1.000  0.000
 v.modis_terra     15    -1   0.000  0.500  0.340  1.000  0.000
 v.modis_terra     16    -1   0.000  0.500  0.340  1.000  0.000
 v.modis_terra     17    -1   0.000  0.500  0.340  1.000  0.000
 v.modis_terra     18    -1   0.000  0.500  0.340  1.000  0.000
 v.modis_terra     19    -1   0.000  0.500  0.340  1.000  0.000
 v.modis_terra     26    -1   0.000  0.500  0.340  1.000  0.000
 v.viirs-m_npp     1    -1   0.000  0.500  0.350  1.000  0.000
 v.viirs-m_npp     2    -1   0.000  0.500  0.350  1.000  0.000
 v.viirs-m_npp     3    -1   0.000  0.500  0.350  1.000  0.000
 v.viirs-m_npp     4     1   0.000  0.500  0.350  1.000  0.000
 v.viirs-m_npp     5    -1   0.000  0.500  0.350  1.000  0.000
 v.viirs-m_npp     6    -1   0.000  0.500  0.350  1.000  0.000
 v.viirs-m_npp     7    -1   0.000  0.500  0.350  1.000  0.000
 v.viirs-m_npp     8    -1   0.000  0.500  0.350  1.000  0.000
 v.viirs-m_npp     9    -1   0.000  0.500  0.350  1.000  0.000
 v.viirs-m_npp    10    -1   0.000  0.500  0.350  1.000  0.000
 v.viirs-m_npp    11    -1   0.000  0.500  0.350  1.000  0.000
