  64
   350.0    -0.5     0.5000     0.5000
   350.0    -0.5     0.5000     0.5000
   350.0    -0.5     0.5000     0.5000
   350.0    -0.5     0.5000     0.5000
   350.0    -0.5     0.5000     0.5000
   350.0    -0.5     0.5000     0.5000
   350.0    -0.5     0.5000     0.5000
   350.0    -0.5     0.5000     0.5000
   350.0    -0.5     0.5000     0.5000
   350.0    -0.5     0.5000     0.5000
   350.0    -0.5     0.5000     0.5000
   350.0    -0.5     0.5000     0.5000
   350.0    -0.5     0.5000     0.5000
   350.0    -0.5     0.5000     0.5000
   350.0    -0.5     0.5000     0.5000
   350.0    -0.5     0.5000     0.5000
   350.0    -0.5     0.5000     0.5000
   350.0    -0.5     0.5000     0.5000
   350.0    -0.5     0.5000     0.5000
   350.0    -0.5     0.5000     0.5000
   350.0    -0.5     0.5000     0.5000
   350.0    -0.5     0.5000     0.5000
   350.0    -0.5     0.5000     0.5000
   350.0    -0.5     0.5000     0.5000
   350.0    -0.5     0.5000     0.5000
   350.0    -0.5     0.5000     0.5000
   350.0    -0.5     0.5000     0.5000
   350.0    -0.5     0.5000     0.5000
   350.0    -0.5     0.5000     0.5000
   350.0    -0.5     0.5000     0.5000
   350.0    -0.5     0.5000     0.5000
   360.0    -0.5     0.5000     0.5000
   370.0    -0.5     0.5000     0.5000
   380.0    -0.5     0.5000     0.5000
   390.0    -0.5     0.5000     0.5000
   440.0    -0.5     0.5000     0.5000
   510.0    -0.5     0.5500     0.4500
   585.0    -0.5     0.6700     0.3300
   665.0    -0.5     0.7600     0.2400
   750.0    -0.5     0.8300     0.1700
   800.0    -0.5     0.8900     0.1100
   850.0    -0.5     0.9400     0.0600
   900.0    -0.5     0.9800     0.0200
   950.0    -0.5     1.0000     0.0000
  1000.0    -0.5     1.0000     0.0000
  1000.0    -0.5     1.0000     0.0000
  1000.0    -0.5     1.0000     0.0000
  1000.0    -0.5     1.0000     0.0000
  1000.0    -0.5     1.0000     0.0000
  1000.0    -0.5     1.0000     0.0000
  1000.0    -0.5     1.0000     0.0000
  1000.0    -0.5     1.0000     0.0000
  1000.0    -0.5     1.0000     0.0000
  1000.0    -0.5     1.0000     0.0000
  1100.0    -0.5     1.0000     0.0000
  1150.0    -0.5     1.0000     0.0000
  1200.0    -0.5     1.0000     0.0000
  1250.0    -0.5     1.0000     0.0000
  1300.0    -0.5     1.0000     0.0000
  1300.0    -0.5     1.0000     0.0000
  1300.0    -0.5     1.0000     0.0000
  1300.0    -0.5     1.0000     0.0000
  1300.0    -0.5     1.0000     0.0000
  1300.0    -0.5     1.0000     0.0000
