  42
   600.0    -0.5     0.2000     0.8000
   600.0    -0.5     0.2000     0.8000
   600.0    -0.5     0.2000     0.8000
   600.0    -0.5     0.2000     0.8000
   600.0    -0.5     0.2000     0.8000
   600.0    -0.5     0.2000     0.8000
   600.0    -0.5     0.2000     0.8000
   600.0    -0.5     0.2000     0.8000
   600.0    -0.5     0.2000     0.8000
   600.0    -0.5     0.2000     0.8000
   600.0    -0.5     0.2000     0.8000
   600.0    -0.5     0.2000     0.8000
   600.0    -0.5     0.2000     0.8000
   600.0    -0.5     0.2000     0.8000
   600.0    -0.5     0.2000     0.8000
   600.0    -0.5     0.2000     0.8000
   600.0    -0.5     0.2000     0.8000
   600.0    -0.5     0.2000     0.8000
   600.0    -0.5     0.2000     0.8000
   600.0    -0.5     0.2000     0.8000
   600.0    -0.5     0.2000     0.8000
   600.0    -0.5     0.2000     0.8000
   600.0    -0.5     0.2000     0.8000
   600.0    -0.5     0.2000     0.8000
   600.0    -0.5     0.2000     0.8000
   600.0    -0.5     0.2000     0.8000
   620.0    -0.5     0.2000     0.8000
   640.0    -0.5     0.2000     0.8000
   660.0    -0.5     0.2000     0.8000
   680.0    -0.5     0.2000     0.8000
   700.0    -0.5     0.2000     0.8000
   750.0    -0.5     0.2000     0.8000
   800.0    -0.5     0.2000     0.8000
   850.0    -0.5     0.2000     0.8000
   900.0    -0.5     0.2000     0.8000
   900.0    -0.5     0.2000     0.8000
   900.0    -0.5     0.2000     0.8000
   900.0    -0.5     0.2000     0.8000
   900.0    -0.5     0.2000     0.8000
   900.0    -0.5     0.2000     0.8000
   900.0    -0.5     0.2000     0.8000
   900.0    -0.5     0.2000     0.8000
