  60
   300.0     5.0     0.6250     0.3750
   300.0     5.0     0.5970     0.4030
   300.0     5.0     0.5691     0.4309
   300.0     5.0     0.5416     0.4584
   300.0     5.0     0.5145     0.4855
   300.0     5.0     0.4880     0.5120
   300.0     5.0     0.4623     0.5377
   300.0     5.0     0.4375     0.5625
   300.0     5.0     0.4138     0.5862
   300.0     5.0     0.3912     0.6088
   300.0     5.0     0.3699     0.6301
   300.0     5.0     0.3501     0.6499
   300.0     5.0     0.3318     0.6682
   300.0     5.0     0.3152     0.6848
   300.0     5.0     0.3002     0.6998
   300.0     5.0     0.2871     0.7129
   300.0     5.0     0.2759     0.7241
   400.0     5.0     0.2667     0.7333
   400.0     5.0     0.2594     0.7406
   400.0     5.0     0.2542     0.7458
   500.0     5.0     0.2510     0.7490
   500.0     5.0     0.2500     0.7500
   500.0     5.0     0.2500     0.7500
   500.0     5.0     0.2500     0.7500
   600.0     5.0     0.2500     0.7500
   600.0     5.0     0.2500     0.7500
   600.0     5.0     0.2500     0.7500
   600.0     5.0     0.2500     0.7500
   600.0     5.0     0.2500     0.7500
   600.0     5.0     0.2500     0.7500
   600.0     5.0     0.2500     0.7500
   600.0     5.0     0.2500     0.7500
   700.0     5.0     0.2500     0.7500
   700.0     5.0     0.2500     0.7500
   700.0     5.0     0.2500     0.7500
   700.0     5.0     0.2500     0.7500
   700.0     5.0     0.2500     0.7500
   700.0     5.0     0.2500     0.7500
   700.0     5.0     0.2500     0.7500
   700.0     5.0     0.2500     0.7500
   700.0     5.0     0.2500     0.7500
   700.0     5.0     0.2500     0.7500
   800.0     5.0     0.2500     0.7500
   800.0     5.0     0.2500     0.7500
   800.0     5.0     0.2500     0.7500
   800.0     5.0     0.2500     0.7500
   800.0     5.0     0.2500     0.7500
   800.0     5.0     0.2500     0.7500
   800.0     5.0     0.2500     0.7500
   800.0     5.0     0.2500     0.7500
   800.0     5.0     0.2500     0.7500
   800.0     5.0     0.2665     0.7335
   800.0     5.0     0.2845     0.7155
   800.0     5.0     0.3048     0.6952
   800.0     5.0     0.3280     0.6720
   800.0     5.0     0.3554     0.6446
   800.0     5.0     0.3891     0.6109
   800.0     5.0     0.4336     0.5664
   800.0     5.0     0.4988     0.5012
   800.0     5.0     0.6250     0.3750
