! otype   = observation type (a7, t, uv, q, etc.)                                          
! type    = prepbufr observation type (if available) 
! sub     = prepbufr subtype (not yet available)
! iuse    = flag if to use/not use / monitor data
!         = 1  use data
!         = 0  do not use data
!         = -1 monitor data
! twindow = time window (+/- hours)
! numgrp  = cross validation parameter - number of groups
! ngroup  = cross validation parameter - group to remove from data use
! nmiter  = cross validation parameter - external iteration to introduce removed data
! gross   = gross error parameter - gross error
! ermax   = gross error parameter - max error  
! ermin   = gross error parameter - min error
! var_b   = variational quality control parameter -  b parameter
! var_pg  = variational quality control parameter -  pg parameter
!otype   type  sub iuse twindow numgrp ngroup nmiter gross ermax ermin var_b var_pg
 ps       111    0   -1     1.5      0      0      0   5.0   3.0   1.0  10.0  0.000
 ps       120    0    1     1.5      0      0      0   5.0   3.0   1.0  10.0  0.000
 ps       132    0   -1     1.5      0      0      0   5.0   3.0   1.0  10.0  0.000
 ps       180    0    1     1.5      0      0      0   5.0   3.0   1.0  10.0  0.000
 ps       181    0    1     0.25     0      0      0   5.0   3.0   1.0  10.0  0.000
 ps       182    0    1     1.5      0      0      0   5.0   3.0   1.0  10.0  0.000
 ps       183    0   -1     0.25     0      0      0   5.0   3.0   1.0  10.0  0.000
 ps       187    0    1     0.25     0      0      0   5.0   3.0   1.0  10.0  0.000
 ps       188    0   -1     0.25     0      0      0   5.0   3.0   1.0  10.0  0.000
 t        120    0    1     1.5      0      0      0   7.0   5.6   1.3  10.0  0.000
 t        126    0   -1     1.5      0      0      0   7.0   5.6   1.3  10.0  0.000
 t        130    0    1     1.5      0      0      0   7.0   5.6   1.3  10.0  0.000
 t        131    0    1     1.5      0      0      0   7.0   5.6   1.3  10.0  0.000
 t        132    0    1     1.5      0      0      0   7.0   5.6   1.3  10.0  0.000
 t        133    0    1     1.5      0      0      0   7.0   5.6   1.3  10.0  0.000
 t        134    0   -1     1.5      0      0      0   7.0   5.6   1.3  10.0  0.000
 t        135    0   -1     1.5      0      0      0   7.0   5.6   1.3  10.0  0.000
 t        180    0    1     1.5      0      0      0   7.0   3.0   1.0  10.0  0.000
 t        181    0    1     0.25     0      0      0   5.0   3.0   1.0  10.0  0.000
 t        182    0    1     1.5      0      0      0   5.0   3.0   1.0  10.0  0.000
 t        183    0    1     0.25     0      0      0   5.0   3.0   1.0  10.0  0.000
 t        187    0    1     0.25     0      0      0   5.0   3.0   1.0  10.0  0.000
 t        188    0   -1     0.25     0      0      0   5.0   3.0   1.0  10.0  0.000
 q        111    0   -1     1.5      0      0      0   7.0  75.0   5.0  10.0  0.000
 q        120    0    1     1.5      0      0      0   7.0  50.0   5.0  10.0  0.000
 q        130    0   -1     1.5      0      0      0   7.0  50.0   5.0  10.0  0.000
 q        131    0   -1     1.5      0      0      0   7.0  50.0   5.0  10.0  0.000
 q        132    0    1     1.5      0      0      0   7.0  50.0   5.0  10.0  0.000
 q        133    0   -1     1.5      0      0      0   7.0  50.0   5.0  10.0  0.000
 q        134    0   -1     1.5      0      0      0   7.0  50.0   5.0  10.0  0.000
 q        135    0   -1     1.5      0      0      0   7.0  50.0   5.0  10.0  0.000
 q        180    0    1     1.5      0      0      0   7.0  50.0   5.0  10.0  0.000
 q        181    0    1     0.25     0      0      0   7.0  50.0   5.0  10.0  0.000
 q        182    0    1     1.5      0      0      0   7.0  50.0   5.0  10.0  0.000
 q        183    0    1     0.25     0      0      0   7.0  50.0   5.0  10.0  0.000
 q        187    0    1     0.25     0      0      0   7.0  50.0   5.0  10.0  0.000
 q        188    0   -1     0.25     0      0      0   7.0  50.0   5.0  10.0  0.000
 pw       152    0   -1     1.5      0      0      0   7.0   8.0   2.0  10.0  0.000
 pw       153    0    1     1.5      0      0      0   7.0   8.0   2.0  10.0  0.000
 pw       156    0   -1     1.5      0      0      0   7.0   8.0   2.0  10.0  0.000
 pw       157    0   -1     1.5      0      0      0   7.0   8.0   2.0  10.0  0.000
 pw       158    0   -1     1.5      0      0      0   7.0   8.0   2.0  10.0  0.000
 pw       159    0   -1     1.5      0      0      0   7.0   8.0   2.0  10.0  0.000
 sst      120    0   -1     1.5      0      0      0   7.0   2.0   0.2  10.0  0.000
 sst      180    0   -1     1.5      0      0      0   7.0   2.0   0.2  10.0  0.000
 sst      181    0   -1     0.25     0      0      0   7.0   2.0   0.2  10.0  0.000
 sst      183    0   -1     0.25     0      0      0   7.0   2.0   0.2  10.0  0.000
 sst      187    0   -1     0.25     0      0      0   7.0   2.0   0.2  10.0  0.000
 uv       210    0    1     1.5      0      0      0   7.0   6.1   1.4  10.0  0.000
 uv       220    0    1     1.5      0      0      0  10.0   6.1   1.4  10.0  0.000
 uv       221    0    1     1.5      0      0      0  10.0   6.1   1.4  10.0  0.000
 uv       223    0    1     1.5      0      0      0  10.0   6.1   1.4  10.0  0.000
 uv       224    0    1     1.5      0      0      0  10.0   6.1   1.4  10.0  0.000
 uv       228    0   -1     1.5      0      0      0  10.0   6.1   1.4  10.0  0.000
 uv       229    0    1     1.5      0      0      0  10.0   6.1   1.4  10.0  0.000
 uv       230    0    1     1.5      0      0      0  10.0   6.1   1.4  10.0  0.000
 uv       231    0    1     1.5      0      0      0  10.0   6.1   1.4  10.0  0.000
 uv       232    0    1     1.5      0      0      0  10.0   6.1   1.4  10.0  0.000
 uv       233    0    1     1.5      0      0      0  10.0   6.1   1.4  10.0  0.000
 uv       234    0   -1     1.5      0      0      0  10.0   6.1   1.4  10.0  0.000
 uv       235    0   -1     1.5      0      0      0  10.0   6.1   1.4  10.0  0.000
 uv       241    0   -1     1.5      0      0      0   7.0   6.1   1.4  10.0  0.000
 uv       242    0    1     1.5      0      0      0   2.5   5.0   1.4  10.0  0.000
 uv       243    0    1     1.5      0      0      0   2.5   5.0   1.4  10.0  0.000
 uv       245    0    1     1.5      0      0      0   2.5   5.0   1.4  10.0  0.000
 uv       246    0    1     1.5      0      0      0   2.5   5.0   1.4  10.0  0.000
 uv       247    0   -1     1.5      0      0      0   2.5   5.0   1.4  10.0  0.000
 uv       248    0   -1     1.5      0      0      0   2.5   5.0   1.4  10.0  0.000
 uv       249    0   -1     1.5      0      0      0   2.5   5.0   1.4  10.0  0.000
 uv       250    0   -1     1.5      0      0      0   2.5   5.0   1.4  10.0  0.000
 uv       251    0   -1     1.5      0      0      0   2.5   5.0   1.4  10.0  0.000
 uv       252    0    1     1.5      0      0      0   2.5   5.0   1.4  10.0  0.000
 uv       253    0    1     1.5      0      0      0   2.5   5.0   1.4  10.0  0.000
 uv       254    0   -1     1.5      0      0      0   2.5   5.0   1.4  10.0  0.000
 uv       256    0   -1     1.5      0      0      0   7.0   6.1   1.4  10.0  0.000
 uv       257    0    1     1.5      0      0      0   7.0   6.1   1.4  10.0  0.000
 uv       258    0    1     1.5      0      0      0   7.0   6.1   1.4  10.0  0.000
 uv       259    0    1     1.5      0      0      0   7.0   6.1   1.4  10.0  0.000
 uv       280    0    1     1.5      0      0      0   5.0   5.0   1.0  10.0  0.000
 uv       281    0    1     0.25     0      0      0   5.0   5.0   1.0  10.0  0.000
 uv       282    0    1     1.5      0      0      0   5.0   5.0   1.0  10.0  0.000
 uv       284    0    1     1.5      0      0      0   5.0   5.0   1.0  10.0  0.000
 uv       285    0    1     1.5      0      0      0   5.0   5.0   1.0  10.0  0.000
 uv       286    0   -1     1.5      0      0      0   5.0   5.0   1.0  10.0  0.000
 uv       287    0    1     0.25     0      0      0   5.0   5.0   1.0  10.0  0.000
 uv       288    0    1     0.25     0      0      0   5.0   5.0   1.0  10.0  0.000
 spd      283    0    1     1.5      0      0      0   5.0   5.0   1.0  10.0  0.000
 dw       999    0   -1     1.5      0      0      0   7.0  10.0   2.0  10.0  0.000
 srw      999    0   -1     1.5      0      0      0   7.0  10.0   1.0  10.0  0.000
 rw       999    0    1     0.5      0      0      0   7.0  10.0   2.0  10.0  0.000
 gps_ref  401    0   -1     1.5      0      0      0   7.0  10.0   1.0  10.0  0.000
 gps_bnd  401    0   -1     1.5      0      0      0   7.0  10.0   1.0  10.0  0.000
