! otype   = observation type (a7, t, uv, q, etc.)                                          
! type    = prepbufr observation type (if available) 
! sub     = prepbufr subtype (not yet available)
! iuse    = flag if to use/not use / monitor data
!         = 1  use data
!         = 0  do not use data
!         = -1 monitor data
! twindow = time window (+/- hours)
! numgrp  = cross validation parameter - number of groups
! ngroup  = cross validation parameter - group to remove from data use
! nmiter  = cross validation parameter - external iteration to introduce removed data
! gross   = gross error parameter - gross error
! ermax   = gross error parameter - max error  
! ermin   = gross error parameter - min error
! var_b   = variational quality control parameter -  b parameter
! var_pg  = variational quality control parameter -  pg parameter
!otype   type  sub iuse twindow numgrp ngroup nmiter gross ermax ermin var_b var_pg      ithin rmesh pmesh npred  pmot  ptime
 ps       180    0    1     0.5      0      0      0   5.0   3.0   1.0  10.0  0.000          0    0.    0.     0    0.     0.
 ps       181    0    1     0.5      0      0      0   5.0   3.0   1.0  10.0  0.000          0    0.    0.     0    0.     0.
 ps       182    0    1     0.5      0      0      0   5.0   3.0   1.0  10.0  0.000          0    0.    0.     0    0.     0.
 ps       183    0   -1     0.5      0      0      0   5.0   3.0   1.0  10.0  0.000          0    0.    0.     0    0.     0.
 ps       187    0    1     0.5      0      0      0   5.0   3.0   1.0  10.0  0.000          0    0.    0.     0    0.     0.
 ps       188    0    1     0.5      0      0      0   5.0   3.0   1.0  10.0  0.000          0    0.    0.     0    0.     0.
 t        180    0    1     0.5      0      0      0   7.0   3.0   1.0  10.0  0.000          0    0.    0.     0    0.     0.
 t        181    0    1     0.5      0      0      0   5.0   3.0   1.0  10.0  0.000          0    0.    0.     0    0.     0.
 t        182    0    1     0.5      0      0      0   5.0   3.0   1.0  10.0  0.000          0    0.    0.     0    0.     0.
 t        183    0    1     0.5      0      0      0   5.0   3.0   1.0  10.0  0.000          0    0.    0.     0    0.     0.
 t        187    0    1     0.5      0      0      0   7.5   3.0   1.0  10.0  0.000          0    0.    0.     0    0.     0.
 t        188    0    1     0.5      0      0      0   5.0   3.0   1.0  10.0  0.000          0    0.    0.     0    0.     0.
 t        192    0    1     0.5      0      0      0   5.0   3.0   1.0  10.0  0.000          0    0.    0.     0    0.     0.
 t        193    0    1     0.5      0      0      0   7.5   3.0   1.0  10.0  0.000          0    0.    0.     0    0.     0.
 t        194    0    1     0.5      0      0      0   7.0   3.0   1.0  10.0  0.000          0    0.    0.     0    0.     0.
 t        195    0    1     0.5      0      0      0   5.0   3.0   1.0  10.0  0.000          0    0.    0.     0    0.     0.
 t        196    0    1     0.5      0      0      0   5.0   3.0   1.0  10.0  0.000          0    0.    0.     0    0.     0.
 t        197    0    1     0.5      0      0      0   5.0   3.0   1.0  10.0  0.000          0    0.    0.     0    0.     0.
 t        198    0    1     0.5      0      0      0   5.0   3.0   1.0  10.0  0.000          0    0.    0.     0    0.     0.
 t        199    0    1     0.5      0      0      0   5.0   3.0   1.0  10.0  0.000          0    0.    0.     0    0.     0.
 q        180    0    1     0.5      0      0      0   5.0  50.0   5.0  10.0  0.000          0    0.    0.     0    0.     0.
 q        181    0    1     0.5      0      0      0   5.0  50.0   5.0  10.0  0.000          0    0.    0.     0    0.     0.
 q        182    0    1     0.5      0      0      0   5.0  50.0   5.0  10.0  0.000          0    0.    0.     0    0.     0.
 q        183    0    1     0.5      0      0      0   5.0  50.0   5.0  10.0  0.000          0    0.    0.     0    0.     0.
 q        187    0    1     0.5      0      0      0   5.0  50.0   5.0  10.0  0.000          0    0.    0.     0    0.     0.
 q        188    0    1     0.5      0      0      0   3.0  15.0  10.0  10.0  0.000          0    0.    0.     0    0.     0.
 q        192    0    1     0.5      0      0      0   5.0  50.0   5.0  10.0  0.000          0    0.    0.     0    0.     0.
 q        193    0    1     0.5      0      0      0   5.0  50.0   5.0  10.0  0.000          0    0.    0.     0    0.     0.
 q        194    0    1     0.5      0      0      0   5.0  50.0   5.0  10.0  0.000          0    0.    0.     0    0.     0.
 q        195    0    1     0.5      0      0      0   3.0  15.0  10.0  10.0  0.000          0    0.    0.     0    0.     0.
 q        196    0    1     0.5      0      0      0   3.0  15.0  10.0  10.0  0.000          0    0.    0.     0    0.     0.
 q        197    0    1     0.5      0      0      0   3.0  15.0  10.0  10.0  0.000          0    0.    0.     0    0.     0.
 q        198    0    1     0.5      0      0      0   3.0  15.0  10.0  10.0  0.000          0    0.    0.     0    0.     0.
 q        199    0    1     0.5      0      0      0   3.0  15.0  10.0  10.0  0.000          0    0.    0.     0    0.     0.
 td2m     180    0    1     0.5      0      0      0   5.0  50.0   5.0  10.0  0.000          0    0.    0.     0    0.     0.
 td2m     181    0    1     0.5      0      0      0   5.0  50.0   5.0  10.0  0.000          0    0.    0.     0    0.     0.
 td2m     182    0    1     0.5      0      0      0   5.0  50.0   5.0  10.0  0.000          0    0.    0.     0    0.     0.
 td2m     183    0    1     0.5      0      0      0   5.0  50.0   5.0  10.0  0.000          0    0.    0.     0    0.     0.
 td2m     187    0    1     0.5      0      0      0   5.0  50.0   5.0  10.0  0.000          0    0.    0.     0    0.     0.
 td2m     188    0    1     0.5      0      0      0   3.0  15.0  10.0  10.0  0.000          0    0.    0.     0    0.     0.
 td2m     192    0    1     0.5      0      0      0   5.0  50.0   5.0  10.0  0.000          0    0.    0.     0    0.     0.
 td2m     193    0    1     0.5      0      0      0   5.0  50.0   5.0  10.0  0.000          0    0.    0.     0    0.     0.
 td2m     194    0    1     0.5      0      0      0   5.0  50.0   5.0  10.0  0.000          0    0.    0.     0    0.     0.
 td2m     195    0    1     0.5      0      0      0   3.0  15.0  10.0  10.0  0.000          0    0.    0.     0    0.     0.
 td2m     196    0    1     0.5      0      0      0   3.0  15.0  10.0  10.0  0.000          0    0.    0.     0    0.     0.
 td2m     197    0    1     0.5      0      0      0   3.0  15.0  10.0  10.0  0.000          0    0.    0.     0    0.     0.
 td2m     198    0    1     0.5      0      0      0   3.0  15.0  10.0  10.0  0.000          0    0.    0.     0    0.     0.
 td2m     199    0    1     0.5      0      0      0   3.0  15.0  10.0  10.0  0.000          0    0.    0.     0    0.     0.
 mitm     180    0    1     0.5      0      0      0   7.0   3.0   1.0  10.0  0.000          0    0.    0.     0    0.     0.
 mitm     181    0    1     0.5      0      0      0   5.0   3.0   1.0  10.0  0.000          0    0.    0.     0    0.     0.
 mitm     182    0    1     0.5      0      0      0   5.0   3.0   1.0  10.0  0.000          0    0.    0.     0    0.     0.
 mitm     183    0    1     0.5      0      0      0   5.0   3.0   1.0  10.0  0.000          0    0.    0.     0    0.     0.
 mitm     187    0    1     0.5      0      0      0   7.5   3.0   1.0  10.0  0.000          0    0.    0.     0    0.     0.
 mitm     188    0    1     0.5      0      0      0   5.0   3.0   1.0  10.0  0.000          0    0.    0.     0    0.     0.
 mitm     192    0    1     0.5      0      0      0   5.0   3.0   1.0  10.0  0.000          0    0.    0.     0    0.     0.
 mitm     193    0    1     0.5      0      0      0   7.5   3.0   1.0  10.0  0.000          0    0.    0.     0    0.     0.
 mitm     194    0    1     0.5      0      0      0   7.0   3.0   1.0  10.0  0.000          0    0.    0.     0    0.     0.
 mitm     195    0    1     0.5      0      0      0   5.0   3.0   1.0  10.0  0.000          0    0.    0.     0    0.     0.
 mitm     196    0    1     0.5      0      0      0   5.0   3.0   1.0  10.0  0.000          0    0.    0.     0    0.     0.
 mitm     197    0    1     0.5      0      0      0   5.0   3.0   1.0  10.0  0.000          0    0.    0.     0    0.     0.
 mitm     198    0    1     0.5      0      0      0   5.0   3.0   1.0  10.0  0.000          0    0.    0.     0    0.     0.
 mitm     199    0    1     0.5      0      0      0   5.0   3.0   1.0  10.0  0.000          0    0.    0.     0    0.     0.
 mxtm     180    0    1     0.5      0      0      0   7.0   3.0   1.0  10.0  0.000          0    0.    0.     0    0.     0.
 mxtm     181    0    1     0.5      0      0      0   5.0   3.0   1.0  10.0  0.000          0    0.    0.     0    0.     0.
 mxtm     182    0    1     0.5      0      0      0   5.0   3.0   1.0  10.0  0.000          0    0.    0.     0    0.     0.
 mxtm     183    0    1     0.5      0      0      0   5.0   3.0   1.0  10.0  0.000          0    0.    0.     0    0.     0.
 mxtm     187    0    1     0.5      0      0      0   7.5   3.0   1.0  10.0  0.000          0    0.    0.     0    0.     0.
 mxtm     188    0    1     0.5      0      0      0   5.0   3.0   1.0  10.0  0.000          0    0.    0.     0    0.     0.
 mxtm     192    0    1     0.5      0      0      0   5.0   3.0   1.0  10.0  0.000          0    0.    0.     0    0.     0.
 mxtm     193    0    1     0.5      0      0      0   7.5   3.0   1.0  10.0  0.000          0    0.    0.     0    0.     0.
 mxtm     194    0    1     0.5      0      0      0   7.0   3.0   1.0  10.0  0.000          0    0.    0.     0    0.     0.
 mxtm     195    0    1     0.5      0      0      0   5.0   3.0   1.0  10.0  0.000          0    0.    0.     0    0.     0.
 mxtm     196    0    1     0.5      0      0      0   5.0   3.0   1.0  10.0  0.000          0    0.    0.     0    0.     0.
 mxtm     197    0    1     0.5      0      0      0   5.0   3.0   1.0  10.0  0.000          0    0.    0.     0    0.     0.
 mxtm     198    0    1     0.5      0      0      0   5.0   3.0   1.0  10.0  0.000          0    0.    0.     0    0.     0.
 mxtm     199    0    1     0.5      0      0      0   5.0   3.0   1.0  10.0  0.000          0    0.    0.     0    0.     0.
 pmsl     180    0    1     0.5      0      0      0   5.0   3.0   1.0  10.0  0.000          0    0.    0.     0    0.     0.
 pmsl     181    0    1     0.5      0      0      0   5.0   3.0   1.0  10.0  0.000          0    0.    0.     0    0.     0.
 pmsl     182    0    1     0.5      0      0      0   5.0   3.0   1.0  10.0  0.000          0    0.    0.     0    0.     0.
 pmsl     183    0   -1     0.5      0      0      0   5.0   3.0   1.0  10.0  0.000          0    0.    0.     0    0.     0.
 pmsl     187    0    1     0.5      0      0      0   5.0   3.0   1.0  10.0  0.000          0    0.    0.     0    0.     0.
 pmsl     188    0    1     0.5      0      0      0   5.0   3.0   1.0  10.0  0.000          0    0.    0.     0    0.     0.
 howv     180    0    1     0.5      0      0      0  10.0   0.4   0.2  10.0  0.000          0    0.    0.     0    0.     0.
 howv     181    0    1     0.5      0      0      0  10.0   0.4   0.2  10.0  0.000          0    0.    0.     0    0.     0.
 howv     182    0    1     0.5      0      0      0  10.0   0.4   0.2  10.0  0.000          0    0.    0.     0    0.     0.
 howv     183    0   -1     0.5      0      0      0  10.0   0.4   0.2  10.0  0.000          0    0.    0.     0    0.     0.
 howv     187    0    1     0.5      0      0      0  10.0   0.4   0.2  10.0  0.000          0    0.    0.     0    0.     0.
 howv     547    0    1     3.0      0      0      0  10.0   0.4   0.2  10.0  0.000          0    0.    0.     0    0.     0.
 uv       240    0   -1     3.0      0      0      0   5.0   6.1   1.4  10.0  0.000          0    0.    0.     0    0.     0.
 uv       240  257   -1     3.0      0      0      0   5.0   6.1   1.4  10.0  0.000          0    0.    0.     0    0.     0.
 uv       240  259   -1     3.0      0      0      0   5.0   6.1   1.4  10.0  0.000          0    0.    0.     0    0.     0.
 uv       241    0   -1     3.0      0      0      0   5.0   6.1   1.4  10.0  0.000          0    0.    0.     0    0.     0.
 uv       242    0   -1     3.0      0      0      0   5.0   6.1   1.4  10.0  0.000          0    0.    0.     0    0.     0.
 uv       242  171    1     3.0      0      0      0   5.0   6.1   1.4  10.0  0.000          0    0.    0.     0    0.     0.
 uv       242  172    1     3.0      0      0      0   5.0   6.1   1.4  10.0  0.000          0    0.    0.     0    0.     0.
 uv       242  173    1     3.0      0      0      0   5.0   6.1   1.4  10.0  0.000          0    0.    0.     0    0.     0.
 uv       243    0   -1     3.0      0      0      0   5.0   6.1   1.4  10.0  0.000          0    0.    0.     0    0.     0.
 uv       243   54    1     3.0      0      0      0   5.0   6.1   1.4  10.0  0.000          0    0.    0.     0    0.     0.
 uv       243   55   -1     3.0      0      0      0   5.0   6.1   1.4  10.0  0.000          0    0.    0.     0    0.     0.
 uv       243   56    1     3.0      0      0      0   5.0   6.1   1.4  10.0  0.000          0    0.    0.     0    0.     0.
 uv       243   57    1     3.0      0      0      0   5.0   6.1   1.4  10.0  0.000          0    0.    0.     0    0.     0.
 uv       244    0   -1     3.0      0      0      0   5.0   6.1   1.4  10.0  0.000          0    0.    0.     0    0.     0.
 uv       244    3   -1     3.0      0      0      0   5.0   6.1   1.4  10.0  0.000          0    0.    0.     0    0.     0.
 uv       244    4   -1     3.0      0      0      0   5.0   6.1   1.4  10.0  0.000          0    0.    0.     0    0.     0.
 uv       244  206   -1     3.0      0      0      0   5.0   6.1   1.4  10.0  0.000          0    0.    0.     0    0.     0.
 uv       244  207   -1     3.0      0      0      0   5.0   6.1   1.4  10.0  0.000          0    0.    0.     0    0.     0.
 uv       244  209   -1     3.0      0      0      0   5.0   6.1   1.4  10.0  0.000          0    0.    0.     0    0.     0.
 uv       244  223   -1     3.0      0      0      0   5.0   6.1   1.4  10.0  0.000          0    0.    0.     0    0.     0.
 uv       245    0   -1     3.0      0      0      0   5.0   6.1   1.4  10.0  0.000          0    0.    0.     0    0.     0.
 uv       245  257    1     3.0      0      0      0   5.0   6.1   1.4  10.0  0.000          0    0.    0.     0    0.     0.
 uv       245  259    1     3.0      0      0      0   5.0   6.1   1.4  10.0  0.000          0    0.    0.     0    0.     0.
 uv       246    0   -1     3.0      0      0      0   5.0   6.1   1.4  10.0  0.000          0    0.    0.     0    0.     0.
 uv       246  257    1     3.0      0      0      0   5.0   6.1   1.4  10.0  0.000          0    0.    0.     0    0.     0.
 uv       246  259    1     3.0      0      0      0   5.0   6.1   1.4  10.0  0.000          0    0.    0.     0    0.     0.
 uv       247    0   -1     3.0      0      0      0   5.0   6.1   1.4  10.0  0.000          0    0.    0.     0    0.     0.
 uv       248    0    0     3.0      0      0      0   5.0   6.1   1.4  10.0  0.000          0    0.    0.     0    0.     0.
 uv       249    0    0     3.0      0      0      0   5.0   6.1   1.4  10.0  0.000          0    0.    0.     0    0.     0.
 uv       250    0   -1     3.0      0      0      0   5.0   6.1   1.4  10.0  0.000          0    0.    0.     0    0.     0.
 uv       250  171    1     3.0      0      0      0   5.0   6.1   1.4  10.0  0.000          0    0.    0.     0    0.     0.
 uv       250  172    1     3.0      0      0      0   5.0   6.1   1.4  10.0  0.000          0    0.    0.     0    0.     0.
 uv       250  173    1     3.0      0      0      0   5.0   6.1   1.4  10.0  0.000          0    0.    0.     0    0.     0.
 uv       251    0   -1     3.0      0      0      0   5.0   6.1   1.4  10.0  0.000          0    0.    0.     0    0.     0.
 uv       251  257   -1     3.0      0      0      0   5.0   6.1   1.4  10.0  0.000          0    0.    0.     0    0.     0.
 uv       251  259   -1     3.0      0      0      0   5.0   6.1   1.4  10.0  0.000          0    0.    0.     0    0.     0.
 uv       252    0   -1     3.0      0      0      0   5.0   6.1   1.4  10.0  0.000          0    0.    0.     0    0.     0.
 uv       252  171    1     3.0      0      0      0   5.0   6.1   1.4  10.0  0.000          0    0.    0.     0    0.     0.
 uv       252  172    1     3.0      0      0      0   5.0   6.1   1.4  10.0  0.000          0    0.    0.     0    0.     0.
 uv       252  173    1     3.0      0      0      0   5.0   6.1   1.4  10.0  0.000          0    0.    0.     0    0.     0.
 uv       253    0   -1     3.0      0      0      0   5.0   6.1   1.4  10.0  0.000          0    0.    0.     0    0.     0.
 uv       253   54    1     3.0      0      0      0   5.0   6.1   1.4  10.0  0.000          0    0.    0.     0    0.     0.
 uv       253   55   -1     3.0      0      0      0   5.0   6.1   1.4  10.0  0.000          0    0.    0.     0    0.     0.
 uv       253   56    1     3.0      0      0      0   5.0   6.1   1.4  10.0  0.000          0    0.    0.     0    0.     0.
 uv       253   57    1     3.0      0      0      0   5.0   6.1   1.4  10.0  0.000          0    0.    0.     0    0.     0.
 uv       254    0   -1     3.0      0      0      0   5.0   6.1   1.4  10.0  0.000          0    0.    0.     0    0.     0.
 uv       254   54    1     3.0      0      0      0   5.0   6.1   1.4  10.0  0.000          0    0.    0.     0    0.     0.
 uv       254   55   -1     3.0      0      0      0   5.0   6.1   1.4  10.0  0.000          0    0.    0.     0    0.     0.
 uv       254   56    1     3.0      0      0      0   5.0   6.1   1.4  10.0  0.000          0    0.    0.     0    0.     0.
 uv       254   57    1     3.0      0      0      0   5.0   6.1   1.4  10.0  0.000          0    0.    0.     0    0.     0.
 uv       255    0    0     3.0      0      0      0   5.0   6.1   1.4  10.0  0.000          0    0.    0.     0    0.     0.
 uv       256    0    0     3.0      0      0      0   5.0   6.1   1.4  10.0  0.000          0    0.    0.     0    0.     0.
 uv       257    0   -1     3.0      0      0      0   5.0   6.1   1.4  10.0  0.000          0    0.    0.     0    0.     0.
 uv       257  783    1     3.0      0      0      0   5.0   6.1   1.4  10.0  0.000          0    0.    0.     0    0.     0.
 uv       257  784    1     3.0      0      0      0   5.0   6.1   1.4  10.0  0.000          0    0.    0.     0    0.     0.
 uv       258    0   -1     3.0      0      0      0   5.0   6.1   1.4  10.0  0.000          0    0.    0.     0    0.     0.
 uv       258  783    1     3.0      0      0      0   5.0   6.1   1.4  10.0  0.000          0    0.    0.     0    0.     0.
 uv       258  784   -1     3.0      0      0      0   5.0   6.1   1.4  10.0  0.000          0    0.    0.     0    0.     0.
 uv       259    0   -1     3.0      0      0      0   5.0   6.1   1.4  10.0  0.000          0    0.    0.     0    0.     0.
 uv       259  783    1     3.0      0      0      0   5.0   6.1   1.4  10.0  0.000          0    0.    0.     0    0.     0.
 uv       259  784    1     3.0      0      0      0   5.0   6.1   1.4  10.0  0.000          0    0.    0.     0    0.     0.
 uv       260    0   -1     3.0      0      0      0   2.5  20.1   1.4  10.0  0.000          0    0.    0.     0    0.     0.
 uv       260  224   -1     3.0      0      0      0   2.5  20.1   1.4  10.0  0.000          0    0.    0.     0    0.     0.
 uv       280    0    1     0.5      0      0      0   5.0   5.0   1.0  10.0  0.000          0    0.    0.     0    0.     0.
 uv       281    0    1     0.5      0      0      0   5.0   5.0   1.0  10.0  0.000          0    0.    0.     0    0.     0.
 uv       282    0    1     0.5      0      0      0   5.0   5.0   1.0  10.0  0.000          0    0.    0.     0    0.     0.
 uv       284    0    1     0.5      0      0      0   5.0   5.0   1.0  10.0  0.000          0    0.    0.     0    0.     0.
 uv       285    0    1     0.5      0      0      0   5.0   5.0   1.0  10.0  0.000          0    0.    0.     0    0.     0.
 uv       286    0    1     0.5      0      0      0   5.0   5.0   1.0  10.0  0.000          0    0.    0.     0    0.     0.
 uv       287    0    1     0.5      0      0      0   7.0  10.0   2.0  10.0  0.000          0    0.    0.     0    0.     0.
 uv       288    0    1     0.5      0      0      0   5.0   5.0   1.0  10.0  0.000          0    0.    0.     0    0.     0.
 uv       289    0    1     3.0      0      0      0   5.0   5.0   1.0  10.0  0.000          0    0.    0.     0    0.     0.
 uv       290    4    1     3.0      0      0      0   5.0   5.0   1.0  10.0  0.000          1  100. 1200.     0    0.     0.
 uv       290    3    1     3.0      0      0      0   5.0   5.0   1.0  10.0  0.000          1  100. 1200.     0    0.     0.
 uv       290    5   -1     3.0      0      0      0   5.0   5.0   1.0  10.0  0.000          1  100. 1200.     0    0.     0.
 spd      283    0    1     0.5      0      0      0   5.0   5.0   1.0  10.0  0.000          0    0.    0.     0    0.     0.
 uv       292    0    1     0.5      0      0      0   5.0   5.0   1.0  10.0  0.000          0    0.    0.     0    0.     0.
 uv       293    0    1     0.5      0      0      0   7.0  10.0   2.0  10.0  0.000          0    0.    0.     0    0.     0.
 uv       294    0    1     0.5      0      0      0   5.0   5.0   1.0  10.0  0.000          0    0.    0.     0    0.     0.
 uv       295    0    1     0.5      0      0      0   5.0   5.0   1.0  10.0  0.000          0    0.    0.     0    0.     0.
 uv       296    0    1     0.5      0      0      0   5.0   5.0   1.0  10.0  0.000          0    0.    0.     0    0.     0.
 uv       297    0    1     0.5      0      0      0   5.0   5.0   1.0  10.0  0.000          0    0.    0.     0    0.     0.
 uv       298    0    1     0.5      0      0      0   5.0   5.0   1.0  10.0  0.000          0    0.    0.     0    0.     0.
 uv       299    0    1     0.5      0      0      0   5.0   5.0   1.0  10.0  0.000          0    0.    0.     0    0.     0.
 wspd10m  240    0   -1     3.0      0      0      0   5.0   6.1   1.4  10.0  0.000          0    0.    0.     0    0.     0.
 wspd10m  240  257   -1     3.0      0      0      0   5.0   6.1   1.4  10.0  0.000          0    0.    0.     0    0.     0.
 wspd10m  240  259   -1     3.0      0      0      0   5.0   6.1   1.4  10.0  0.000          0    0.    0.     0    0.     0.
 wspd10m  241    0   -1     3.0      0      0      0   5.0   6.1   1.4  10.0  0.000          0    0.    0.     0    0.     0.
 wspd10m  242    0   -1     3.0      0      0      0   5.0   6.1   1.4  10.0  0.000          0    0.    0.     0    0.     0.
 wspd10m  242  171    1     3.0      0      0      0   5.0   6.1   1.4  10.0  0.000          0    0.    0.     0    0.     0.
 wspd10m  242  172    1     3.0      0      0      0   5.0   6.1   1.4  10.0  0.000          0    0.    0.     0    0.     0.
 wspd10m  242  173    1     3.0      0      0      0   5.0   6.1   1.4  10.0  0.000          0    0.    0.     0    0.     0.
 wspd10m  243    0   -1     3.0      0      0      0   5.0   6.1   1.4  10.0  0.000          0    0.    0.     0    0.     0.
 wspd10m  243   54    1     3.0      0      0      0   5.0   6.1   1.4  10.0  0.000          0    0.    0.     0    0.     0.
 wspd10m  243   55   -1     3.0      0      0      0   5.0   6.1   1.4  10.0  0.000          0    0.    0.     0    0.     0.
 wspd10m  243   56    1     3.0      0      0      0   5.0   6.1   1.4  10.0  0.000          0    0.    0.     0    0.     0.
 wspd10m  243   57    1     3.0      0      0      0   5.0   6.1   1.4  10.0  0.000          0    0.    0.     0    0.     0.
 wspd10m  244    0   -1     3.0      0      0      0   5.0   6.1   1.4  10.0  0.000          0    0.    0.     0    0.     0.
 wspd10m  244    3   -1     3.0      0      0      0   5.0   6.1   1.4  10.0  0.000          0    0.    0.     0    0.     0.
 wspd10m  244    4   -1     3.0      0      0      0   5.0   6.1   1.4  10.0  0.000          0    0.    0.     0    0.     0.
 wspd10m  244  206   -1     3.0      0      0      0   5.0   6.1   1.4  10.0  0.000          0    0.    0.     0    0.     0.
 wspd10m  244  207   -1     3.0      0      0      0   5.0   6.1   1.4  10.0  0.000          0    0.    0.     0    0.     0.
 wspd10m  244  209   -1     3.0      0      0      0   5.0   6.1   1.4  10.0  0.000          0    0.    0.     0    0.     0.
 wspd10m  244  223   -1     3.0      0      0      0   5.0   6.1   1.4  10.0  0.000          0    0.    0.     0    0.     0.
 wspd10m  245    0   -1     3.0      0      0      0   5.0   6.1   1.4  10.0  0.000          0    0.    0.     0    0.     0.
 wspd10m  245  257    1     3.0      0      0      0   5.0   6.1   1.4  10.0  0.000          0    0.    0.     0    0.     0.
 wspd10m  245  259    1     3.0      0      0      0   5.0   6.1   1.4  10.0  0.000          0    0.    0.     0    0.     0.
 wspd10m  246    0   -1     3.0      0      0      0   5.0   6.1   1.4  10.0  0.000          0    0.    0.     0    0.     0.
 wspd10m  246  257    1     3.0      0      0      0   5.0   6.1   1.4  10.0  0.000          0    0.    0.     0    0.     0.
 wspd10m  246  259    1     3.0      0      0      0   5.0   6.1   1.4  10.0  0.000          0    0.    0.     0    0.     0.
 wspd10m  247    0   -1     3.0      0      0      0   5.0   6.1   1.4  10.0  0.000          0    0.    0.     0    0.     0.
 wspd10m  248    0    0     3.0      0      0      0   5.0   6.1   1.4  10.0  0.000          0    0.    0.     0    0.     0.
 wspd10m  249    0    0     3.0      0      0      0   5.0   6.1   1.4  10.0  0.000          0    0.    0.     0    0.     0.
 wspd10m  250    0   -1     3.0      0      0      0   5.0   6.1   1.4  10.0  0.000          0    0.    0.     0    0.     0.
 wspd10m  250  171    1     3.0      0      0      0   5.0   6.1   1.4  10.0  0.000          0    0.    0.     0    0.     0.
 wspd10m  250  172    1     3.0      0      0      0   5.0   6.1   1.4  10.0  0.000          0    0.    0.     0    0.     0.
 wspd10m  250  173    1     3.0      0      0      0   5.0   6.1   1.4  10.0  0.000          0    0.    0.     0    0.     0.
 wspd10m  251    0   -1     3.0      0      0      0   5.0   6.1   1.4  10.0  0.000          0    0.    0.     0    0.     0.
 wspd10m  251  257   -1     3.0      0      0      0   5.0   6.1   1.4  10.0  0.000          0    0.    0.     0    0.     0.
 wspd10m  251  259   -1     3.0      0      0      0   5.0   6.1   1.4  10.0  0.000          0    0.    0.     0    0.     0.
 wspd10m  252    0   -1     3.0      0      0      0   5.0   6.1   1.4  10.0  0.000          0    0.    0.     0    0.     0.
 wspd10m  252  171    1     3.0      0      0      0   5.0   6.1   1.4  10.0  0.000          0    0.    0.     0    0.     0.
 wspd10m  252  172    1     3.0      0      0      0   5.0   6.1   1.4  10.0  0.000          0    0.    0.     0    0.     0.
 wspd10m  252  173    1     3.0      0      0      0   5.0   6.1   1.4  10.0  0.000          0    0.    0.     0    0.     0.
 wspd10m  253    0   -1     3.0      0      0      0   5.0   6.1   1.4  10.0  0.000          0    0.    0.     0    0.     0.
 wspd10m  253   54    1     3.0      0      0      0   5.0   6.1   1.4  10.0  0.000          0    0.    0.     0    0.     0.
 wspd10m  253   55   -1     3.0      0      0      0   5.0   6.1   1.4  10.0  0.000          0    0.    0.     0    0.     0.
 wspd10m  253   56    1     3.0      0      0      0   5.0   6.1   1.4  10.0  0.000          0    0.    0.     0    0.     0.
 wspd10m  253   57    1     3.0      0      0      0   5.0   6.1   1.4  10.0  0.000          0    0.    0.     0    0.     0.
 wspd10m  254    0   -1     3.0      0      0      0   5.0   6.1   1.4  10.0  0.000          0    0.    0.     0    0.     0.
 wspd10m  254   54    1     3.0      0      0      0   5.0   6.1   1.4  10.0  0.000          0    0.    0.     0    0.     0.
 wspd10m  254   55   -1     3.0      0      0      0   5.0   6.1   1.4  10.0  0.000          0    0.    0.     0    0.     0.
 wspd10m  254   56    1     3.0      0      0      0   5.0   6.1   1.4  10.0  0.000          0    0.    0.     0    0.     0.
 wspd10m  254   57    1     3.0      0      0      0   5.0   6.1   1.4  10.0  0.000          0    0.    0.     0    0.     0.
 wspd10m  255    0    0     3.0      0      0      0   5.0   6.1   1.4  10.0  0.000          0    0.    0.     0    0.     0.
 wspd10m  256    0    0     3.0      0      0      0   5.0   6.1   1.4  10.0  0.000          0    0.    0.     0    0.     0.
 wspd10m  257    0   -1     3.0      0      0      0   5.0   6.1   1.4  10.0  0.000          0    0.    0.     0    0.     0.
 wspd10m  257  783    1     3.0      0      0      0   5.0   6.1   1.4  10.0  0.000          0    0.    0.     0    0.     0.
 wspd10m  257  784    1     3.0      0      0      0   5.0   6.1   1.4  10.0  0.000          0    0.    0.     0    0.     0.
 wspd10m  258    0   -1     3.0      0      0      0   5.0   6.1   1.4  10.0  0.000          0    0.    0.     0    0.     0.
 wspd10m  258  783    1     3.0      0      0      0   5.0   6.1   1.4  10.0  0.000          0    0.    0.     0    0.     0.
 wspd10m  258  784   -1     3.0      0      0      0   5.0   6.1   1.4  10.0  0.000          0    0.    0.     0    0.     0.
 wspd10m  259    0   -1     3.0      0      0      0   5.0   6.1   1.4  10.0  0.000          0    0.    0.     0    0.     0.
 wspd10m  259  783    1     3.0      0      0      0   5.0   6.1   1.4  10.0  0.000          0    0.    0.     0    0.     0.
 wspd10m  259  784    1     3.0      0      0      0   5.0   6.1   1.4  10.0  0.000          0    0.    0.     0    0.     0.
 wspd10m  260    0   -1     3.0      0      0      0   2.5  20.1   1.4  10.0  0.000          0    0.    0.     0    0.     0.
 wspd10m  260  224   -1     3.0      0      0      0   2.5  20.1   1.4  10.0  0.000          0    0.    0.     0    0.     0.
 wspd10m  280    0    1     0.5      0      0      0   5.0   5.0   1.0  10.0  0.000          0    0.    0.     0    0.     0.
 wspd10m  281    0    1     0.5      0      0      0   5.0   5.0   1.0  10.0  0.000          0    0.    0.     0    0.     0.
 wspd10m  282    0    1     0.5      0      0      0   5.0   5.0   1.0  10.0  0.000          0    0.    0.     0    0.     0.
 wspd10m  284    0    1     0.5      0      0      0   5.0   5.0   1.0  10.0  0.000          0    0.    0.     0    0.     0.
 wspd10m  285    0    1     0.5      0      0      0   5.0   5.0   1.0  10.0  0.000          0    0.    0.     0    0.     0.
 wspd10m  286    0    1     0.5      0      0      0   5.0   5.0   1.0  10.0  0.000          0    0.    0.     0    0.     0.
 wspd10m  287    0    1     0.5      0      0      0   7.0  10.0   2.0  10.0  0.000          0    0.    0.     0    0.     0.
 wspd10m  288    0    1     0.5      0      0      0   5.0   5.0   1.0  10.0  0.000          0    0.    0.     0    0.     0.
 wspd10m  289    0    1     3.0      0      0      0   5.0   5.0   1.0  10.0  0.000          0    0.    0.     0    0.     0.
 wspd10m  290    4    1     3.0      0      0      0   5.0   5.0   1.0  10.0  0.000          1  100. 1200.     0    0.     0.
 wspd10m  290    3    1     3.0      0      0      0   5.0   5.0   1.0  10.0  0.000          1  100. 1200.     0    0.     0.
 wspd10m  290    5   -1     3.0      0      0      0   5.0   5.0   1.0  10.0  0.000          1  100. 1200.     0    0.     0.
 wspd10m  292    0    1     0.5      0      0      0   5.0   5.0   1.0  10.0  0.000          0    0.    0.     0    0.     0.
 wspd10m  293    0    1     0.5      0      0      0   7.0  10.0   2.0  10.0  0.000          0    0.    0.     0    0.     0.
 wspd10m  294    0    1     0.5      0      0      0   5.0   5.0   1.0  10.0  0.000          0    0.    0.     0    0.     0.
 wspd10m  295    0    1     0.5      0      0      0   5.0   5.0   1.0  10.0  0.000          0    0.    0.     0    0.     0.
 wspd10m  296    0    1     0.5      0      0      0   5.0   5.0   1.0  10.0  0.000          0    0.    0.     0    0.     0.
 wspd10m  297    0    1     0.5      0      0      0   5.0   5.0   1.0  10.0  0.000          0    0.    0.     0    0.     0.
 wspd10m  298    0    1     0.5      0      0      0   5.0   5.0   1.0  10.0  0.000          0    0.    0.     0    0.     0.
 wspd10m  299    0    1     0.5      0      0      0   5.0   5.0   1.0  10.0  0.000          0    0.    0.     0    0.     0.
 gust     180    0    1     0.2      0      0      0   5.0   8.0   1.0  10.0  0.000          0    0.    0.     0    0.     0.
 gust     181    0    1     0.2      0      0      0   5.0   8.0   1.0  10.0  0.000          0    0.    0.     0    0.     0.
 gust     184    0    1     0.2      0      0      0   5.0   8.0   1.0  10.0  0.000          0    0.    0.     0    0.     0.
 gust     187    0    1     0.2      0      0      0   5.0   8.0   1.0  10.0  0.000          0    0.    0.     0    0.     0.
 gust     188    0    1     0.2      0      0      0   5.0   8.0   1.0  10.0  0.000          0    0.    0.     0    0.     0.
 gust     192    0    1     0.2      0      0      0   5.0   8.0   1.0  10.0  0.000          0    0.    0.     0    0.     0.
 gust     193    0    1     0.2      0      0      0   5.0   8.0   1.0  10.0  0.000          0    0.    0.     0    0.     0.
 gust     194    0    1     0.2      0      0      0   5.0   8.0   1.0  10.0  0.000          0    0.    0.     0    0.     0.
 gust     195    0    1     0.2      0      0      0   5.0   8.0   1.0  10.0  0.000          0    0.    0.     0    0.     0.
 gust     280    0   -1     0.2      0      0      0   5.0   8.0   1.0  10.0  0.000          0    0.    0.     0    0.     0.
 gust     281    0   -1     0.2      0      0      0   5.0   8.0   1.0  10.0  0.000          0    0.    0.     0    0.     0.
 gust     284    0   -1     0.2      0      0      0   5.0   8.0   1.0  10.0  0.000          0    0.    0.     0    0.     0.
 gust     287    0   -1     0.2      0      0      0   5.0   8.0   1.0  10.0  0.000          0    0.    0.     0    0.     0.
 gust     288    0   -1     0.2      0      0      0   5.0   8.0   1.0  10.0  0.000          0    0.    0.     0    0.     0.
 gust     292    0   -1     0.2      0      0      0   5.0   8.0   1.0  10.0  0.000          0    0.    0.     0    0.     0.
 gust     293    0   -1     0.2      0      0      0   5.0   8.0   1.0  10.0  0.000          0    0.    0.     0    0.     0.
 gust     294    0   -1     0.2      0      0      0   5.0   8.0   1.0  10.0  0.000          0    0.    0.     0    0.     0.
 gust     295    0   -1     0.2      0      0      0   5.0   8.0   1.0  10.0  0.000          0    0.    0.     0    0.     0.
 vis      180    0    1     0.5      0      0      0   7.0   6.0  0.01  10.0  0.000          0    0.    0.     0    0.     0.
 vis      181    0    1     0.5      0      0      0   7.0   6.0  0.01  10.0  0.000          0    0.    0.     0    0.     0.
 vis      183    0    1     0.5      0      0      0   7.0   6.0  0.01  10.0  0.000          0    0.    0.     0    0.     0.
 vis      187    0    1     0.5      0      0      0   7.0   6.0  0.01  10.0  0.000          0    0.    0.     0    0.     0.
 vis      188    0    1     0.5      0      0      0   7.0   6.0  0.01  10.0  0.000          0    0.    0.     0    0.     0.
 vis      280    0    1     0.5      0      0      0   7.0   6.0  0.01  10.0  0.000          0    0.    0.     0    0.     0.
 vis      281    0    1     0.5      0      0      0   7.0   6.0  0.01  10.0  0.000          0    0.    0.     0    0.     0.
 vis      283    0    1     0.5      0      0      0   7.0   6.0  0.01  10.0  0.000          0    0.    0.     0    0.     0.
 vis      287    0    1     0.5      0      0      0   7.0   6.0  0.01  10.0  0.000          0    0.    0.     0    0.     0.
 vis      288    0    1     0.5      0      0      0   7.0   6.0  0.01  10.0  0.000          0    0.    0.     0    0.     0.
 vis      192    0    1     0.5      0      0      0   7.0   6.0  0.01  10.0  0.000          0    0.    0.     0    0.     0.
 vis      193    0    1     0.5      0      0      0   7.0   6.0  0.01  10.0  0.000          0    0.    0.     0    0.     0.
 vis      194    0    1     0.5      0      0      0   7.0   6.0  0.01  10.0  0.000          0    0.    0.     0    0.     0.
 vis      195    0    1     0.5      0      0      0   7.0   6.0  0.01  10.0  0.000          0    0.    0.     0    0.     0.
 vis      292    0    1     0.5      0      0      0   7.0   6.0  0.01  10.0  0.000          0    0.    0.     0    0.     0.
 vis      293    0    1     0.5      0      0      0   7.0   6.0  0.01  10.0  0.000          0    0.    0.     0    0.     0.
 vis      294    0    1     0.5      0      0      0   7.0   6.0  0.01  10.0  0.000          0    0.    0.     0    0.     0.
 vis      295    0    1     0.5      0      0      0   7.0   6.0  0.01  10.0  0.000          0    0.    0.     0    0.     0.
 tcamt    154    0    1     0.5      0      0      0 900.0  50.0   1.0  10.0  0.000          1   50. 1200.     0    0.     0.
 tcamt    180    0    1     0.5      0      0      0   4.0  50.0   1.0  10.0  0.000          0    0.    0.     0    0.     0.
 tcamt    181    0    1     0.5      0      0      0 900.0  50.0   1.0  10.0  0.000          0    0.    0.     0    0.     0.
 tcamt    183    0    1     0.5      0      0      0   4.0  50.0   1.0  10.0  0.000          0    0.    0.     0    0.     0.
 tcamt    187    0    1     0.5      0      0      0 900.0  50.0   1.0  10.0  0.000          0    0.    0.     0    0.     0.
 tcamt    192    0    1     0.5      0      0      0 900.0  50.0   1.0  10.0  0.000          0    0.    0.     0    0.     0.
 tcamt    193    0    1     0.5      0      0      0 900.0  50.0   1.0  10.0  0.000          0    0.    0.     0    0.     0.
 tcamt    194    0    1     0.5      0      0      0   4.0  50.0   1.0  10.0  0.000          0    0.    0.     0    0.     0.
 tcamt    999    0    1     0.5      0      0      0 900.0  50.0   1.0  10.0  0.000          1   50. 1200.     0    0.     0.
 cldch    181    0    1     0.5      0      0      0  3.0   6.0  0.01  10.0  0.000          0    0.    0.     0    0.     0.
 cldch    183    0    1     0.5      0      0      0  3.0   6.0  0.01  10.0  0.000          0    0.    0.     0    0.     0.
 cldch    187    0    1     0.5      0      0      0  3.0   6.0  0.01  10.0  0.000          0    0.    0.     0    0.     0.
 cldch    193    0    1     0.5      0      0      0  3.0   6.0  0.01  10.0  0.000          0    0.    0.     0    0.     0.
 uwnd10m  240    0   -1     3.0      0      0      0   5.0   6.1   1.4  10.0  0.000          0    0.    0.     0    0.     0.
 uwnd10m  240  257   -1     3.0      0      0      0   5.0   6.1   1.4  10.0  0.000          0    0.    0.     0    0.     0.
 uwnd10m  240  259   -1     3.0      0      0      0   5.0   6.1   1.4  10.0  0.000          0    0.    0.     0    0.     0.
 uwnd10m  241    0   -1     3.0      0      0      0   5.0   6.1   1.4  10.0  0.000          0    0.    0.     0    0.     0.
 uwnd10m  242    0   -1     3.0      0      0      0   5.0   6.1   1.4  10.0  0.000          0    0.    0.     0    0.     0.
 uwnd10m  242  171    1     3.0      0      0      0   5.0   6.1   1.4  10.0  0.000          0    0.    0.     0    0.     0.
 uwnd10m  242  172    1     3.0      0      0      0   5.0   6.1   1.4  10.0  0.000          0    0.    0.     0    0.     0.
 uwnd10m  242  173    1     3.0      0      0      0   5.0   6.1   1.4  10.0  0.000          0    0.    0.     0    0.     0.
 uwnd10m  243    0   -1     3.0      0      0      0   5.0   6.1   1.4  10.0  0.000          0    0.    0.     0    0.     0.
 uwnd10m  243   54    1     3.0      0      0      0   5.0   6.1   1.4  10.0  0.000          0    0.    0.     0    0.     0.
 uwnd10m  243   55   -1     3.0      0      0      0   5.0   6.1   1.4  10.0  0.000          0    0.    0.     0    0.     0.
 uwnd10m  243   56    1     3.0      0      0      0   5.0   6.1   1.4  10.0  0.000          0    0.    0.     0    0.     0.
 uwnd10m  243   57    1     3.0      0      0      0   5.0   6.1   1.4  10.0  0.000          0    0.    0.     0    0.     0.
 uwnd10m  244    0   -1     3.0      0      0      0   5.0   6.1   1.4  10.0  0.000          0    0.    0.     0    0.     0.
 uwnd10m  244    3   -1     3.0      0      0      0   5.0   6.1   1.4  10.0  0.000          0    0.    0.     0    0.     0.
 uwnd10m  244    4   -1     3.0      0      0      0   5.0   6.1   1.4  10.0  0.000          0    0.    0.     0    0.     0.
 uwnd10m  244  206   -1     3.0      0      0      0   5.0   6.1   1.4  10.0  0.000          0    0.    0.     0    0.     0.
 uwnd10m  244  207   -1     3.0      0      0      0   5.0   6.1   1.4  10.0  0.000          0    0.    0.     0    0.     0.
 uwnd10m  244  209   -1     3.0      0      0      0   5.0   6.1   1.4  10.0  0.000          0    0.    0.     0    0.     0.
 uwnd10m  244  223   -1     3.0      0      0      0   5.0   6.1   1.4  10.0  0.000          0    0.    0.     0    0.     0.
 uwnd10m  245    0   -1     3.0      0      0      0   5.0   6.1   1.4  10.0  0.000          0    0.    0.     0    0.     0.
 uwnd10m  245  257    1     3.0      0      0      0   5.0   6.1   1.4  10.0  0.000          0    0.    0.     0    0.     0.
 uwnd10m  245  259    1     3.0      0      0      0   5.0   6.1   1.4  10.0  0.000          0    0.    0.     0    0.     0.
 uwnd10m  246    0   -1     3.0      0      0      0   5.0   6.1   1.4  10.0  0.000          0    0.    0.     0    0.     0.
 uwnd10m  246  257    1     3.0      0      0      0   5.0   6.1   1.4  10.0  0.000          0    0.    0.     0    0.     0.
 uwnd10m  246  259    1     3.0      0      0      0   5.0   6.1   1.4  10.0  0.000          0    0.    0.     0    0.     0.
 uwnd10m  247    0   -1     3.0      0      0      0   5.0   6.1   1.4  10.0  0.000          0    0.    0.     0    0.     0.
 uwnd10m  248    0    0     3.0      0      0      0   5.0   6.1   1.4  10.0  0.000          0    0.    0.     0    0.     0.
 uwnd10m  249    0    0     3.0      0      0      0   5.0   6.1   1.4  10.0  0.000          0    0.    0.     0    0.     0.
 uwnd10m  250    0   -1     3.0      0      0      0   5.0   6.1   1.4  10.0  0.000          0    0.    0.     0    0.     0.
 uwnd10m  250  171    1     3.0      0      0      0   5.0   6.1   1.4  10.0  0.000          0    0.    0.     0    0.     0.
 uwnd10m  250  172    1     3.0      0      0      0   5.0   6.1   1.4  10.0  0.000          0    0.    0.     0    0.     0.
 uwnd10m  250  173    1     3.0      0      0      0   5.0   6.1   1.4  10.0  0.000          0    0.    0.     0    0.     0.
 uwnd10m  251    0   -1     3.0      0      0      0   5.0   6.1   1.4  10.0  0.000          0    0.    0.     0    0.     0.
 uwnd10m  251  257   -1     3.0      0      0      0   5.0   6.1   1.4  10.0  0.000          0    0.    0.     0    0.     0.
 uwnd10m  251  259   -1     3.0      0      0      0   5.0   6.1   1.4  10.0  0.000          0    0.    0.     0    0.     0.
 uwnd10m  252    0   -1     3.0      0      0      0   5.0   6.1   1.4  10.0  0.000          0    0.    0.     0    0.     0.
 uwnd10m  252  171    1     3.0      0      0      0   5.0   6.1   1.4  10.0  0.000          0    0.    0.     0    0.     0.
 uwnd10m  252  172    1     3.0      0      0      0   5.0   6.1   1.4  10.0  0.000          0    0.    0.     0    0.     0.
 uwnd10m  252  173    1     3.0      0      0      0   5.0   6.1   1.4  10.0  0.000          0    0.    0.     0    0.     0.
 uwnd10m  253    0   -1     3.0      0      0      0   5.0   6.1   1.4  10.0  0.000          0    0.    0.     0    0.     0.
 uwnd10m  253   54    1     3.0      0      0      0   5.0   6.1   1.4  10.0  0.000          0    0.    0.     0    0.     0.
 uwnd10m  253   55   -1     3.0      0      0      0   5.0   6.1   1.4  10.0  0.000          0    0.    0.     0    0.     0.
 uwnd10m  253   56    1     3.0      0      0      0   5.0   6.1   1.4  10.0  0.000          0    0.    0.     0    0.     0.
 uwnd10m  253   57    1     3.0      0      0      0   5.0   6.1   1.4  10.0  0.000          0    0.    0.     0    0.     0.
 uwnd10m  254    0   -1     3.0      0      0      0   5.0   6.1   1.4  10.0  0.000          0    0.    0.     0    0.     0.
 uwnd10m  254   54    1     3.0      0      0      0   5.0   6.1   1.4  10.0  0.000          0    0.    0.     0    0.     0.
 uwnd10m  254   55   -1     3.0      0      0      0   5.0   6.1   1.4  10.0  0.000          0    0.    0.     0    0.     0.
 uwnd10m  254   56    1     3.0      0      0      0   5.0   6.1   1.4  10.0  0.000          0    0.    0.     0    0.     0.
 uwnd10m  254   57    1     3.0      0      0      0   5.0   6.1   1.4  10.0  0.000          0    0.    0.     0    0.     0.
 uwnd10m  255    0    0     3.0      0      0      0   5.0   6.1   1.4  10.0  0.000          0    0.    0.     0    0.     0.
 uwnd10m  256    0    0     3.0      0      0      0   5.0   6.1   1.4  10.0  0.000          0    0.    0.     0    0.     0.
 uwnd10m  257    0   -1     3.0      0      0      0   5.0   6.1   1.4  10.0  0.000          0    0.    0.     0    0.     0.
 uwnd10m  257  783    1     3.0      0      0      0   5.0   6.1   1.4  10.0  0.000          0    0.    0.     0    0.     0.
 uwnd10m  257  784    1     3.0      0      0      0   5.0   6.1   1.4  10.0  0.000          0    0.    0.     0    0.     0.
 uwnd10m  258    0   -1     3.0      0      0      0   5.0   6.1   1.4  10.0  0.000          0    0.    0.     0    0.     0.
 uwnd10m  258  783    1     3.0      0      0      0   5.0   6.1   1.4  10.0  0.000          0    0.    0.     0    0.     0.
 uwnd10m  258  784   -1     3.0      0      0      0   5.0   6.1   1.4  10.0  0.000          0    0.    0.     0    0.     0.
 uwnd10m  259    0   -1     3.0      0      0      0   5.0   6.1   1.4  10.0  0.000          0    0.    0.     0    0.     0.
 uwnd10m  259  783    1     3.0      0      0      0   5.0   6.1   1.4  10.0  0.000          0    0.    0.     0    0.     0.
 uwnd10m  259  784    1     3.0      0      0      0   5.0   6.1   1.4  10.0  0.000          0    0.    0.     0    0.     0.
 uwnd10m  260    0   -1     3.0      0      0      0   2.5  20.1   1.4  10.0  0.000          0    0.    0.     0    0.     0.
 uwnd10m  260  224   -1     3.0      0      0      0   2.5  20.1   1.4  10.0  0.000          0    0.    0.     0    0.     0.
 uwnd10m  280    0    1     0.5      0      0      0   5.0   5.0   1.0  10.0  0.000          0    0.    0.     0    0.     0.
 uwnd10m  281    0    1     0.5      0      0      0   5.0   5.0   1.0  10.0  0.000          0    0.    0.     0    0.     0.
 uwnd10m  282    0    1     0.5      0      0      0   5.0   5.0   1.0  10.0  0.000          0    0.    0.     0    0.     0.
 uwnd10m  284    0    1     0.5      0      0      0   5.0   5.0   1.0  10.0  0.000          0    0.    0.     0    0.     0.
 uwnd10m  285    0    1     0.5      0      0      0   5.0   5.0   1.0  10.0  0.000          0    0.    0.     0    0.     0.
 uwnd10m  286    0    1     0.5      0      0      0   5.0   5.0   1.0  10.0  0.000          0    0.    0.     0    0.     0.
 uwnd10m  287    0    1     0.5      0      0      0   7.0  10.0   2.0  10.0  0.000          0    0.    0.     0    0.     0.
 uwnd10m  288    0    1     0.5      0      0      0   5.0   5.0   1.0  10.0  0.000          0    0.    0.     0    0.     0.
 uwnd10m  289    0    1     3.0      0      0      0   5.0   5.0   1.0  10.0  0.000          0    0.    0.     0    0.     0.
 uwnd10m  290    4    1     3.0      0      0      0   5.0   5.0   1.0  10.0  0.000          1  100. 1200.     0    0.     0.
 uwnd10m  290    3    1     3.0      0      0      0   5.0   5.0   1.0  10.0  0.000          1  100. 1200.     0    0.     0.
 uwnd10m  290    5   -1     3.0      0      0      0   5.0   5.0   1.0  10.0  0.000          1  100. 1200.     0    0.     0.
 uwnd10m  292    0    1     0.5      0      0      0   5.0   5.0   1.0  10.0  0.000          0    0.    0.     0    0.     0.
 uwnd10m  293    0    1     0.5      0      0      0   7.0  10.0   2.0  10.0  0.000          0    0.    0.     0    0.     0.
 uwnd10m  294    0    1     0.5      0      0      0   5.0   5.0   1.0  10.0  0.000          0    0.    0.     0    0.     0.
 uwnd10m  295    0    1     0.5      0      0      0   5.0   5.0   1.0  10.0  0.000          0    0.    0.     0    0.     0.
 uwnd10m  296    0    1     0.5      0      0      0   5.0   5.0   1.0  10.0  0.000          0    0.    0.     0    0.     0.
 uwnd10m  297    0    1     0.5      0      0      0   5.0   5.0   1.0  10.0  0.000          0    0.    0.     0    0.     0.
 uwnd10m  298    0    1     0.5      0      0      0   5.0   5.0   1.0  10.0  0.000          0    0.    0.     0    0.     0.
 uwnd10m  299    0    1     0.5      0      0      0   5.0   5.0   1.0  10.0  0.000          0    0.    0.     0    0.     0.
 vwnd10m  240    0   -1     3.0      0      0      0   5.0   6.1   1.4  10.0  0.000          0    0.    0.     0    0.     0.
 vwnd10m  240  257   -1     3.0      0      0      0   5.0   6.1   1.4  10.0  0.000          0    0.    0.     0    0.     0.
 vwnd10m  240  259   -1     3.0      0      0      0   5.0   6.1   1.4  10.0  0.000          0    0.    0.     0    0.     0.
 vwnd10m  241    0   -1     3.0      0      0      0   5.0   6.1   1.4  10.0  0.000          0    0.    0.     0    0.     0.
 vwnd10m  242    0   -1     3.0      0      0      0   5.0   6.1   1.4  10.0  0.000          0    0.    0.     0    0.     0.
 vwnd10m  242  171    1     3.0      0      0      0   5.0   6.1   1.4  10.0  0.000          0    0.    0.     0    0.     0.
 vwnd10m  242  172    1     3.0      0      0      0   5.0   6.1   1.4  10.0  0.000          0    0.    0.     0    0.     0.
 vwnd10m  242  173    1     3.0      0      0      0   5.0   6.1   1.4  10.0  0.000          0    0.    0.     0    0.     0.
 vwnd10m  243    0   -1     3.0      0      0      0   5.0   6.1   1.4  10.0  0.000          0    0.    0.     0    0.     0.
 vwnd10m  243   54    1     3.0      0      0      0   5.0   6.1   1.4  10.0  0.000          0    0.    0.     0    0.     0.
 vwnd10m  243   55   -1     3.0      0      0      0   5.0   6.1   1.4  10.0  0.000          0    0.    0.     0    0.     0.
 vwnd10m  243   56    1     3.0      0      0      0   5.0   6.1   1.4  10.0  0.000          0    0.    0.     0    0.     0.
 vwnd10m  243   57    1     3.0      0      0      0   5.0   6.1   1.4  10.0  0.000          0    0.    0.     0    0.     0.
 vwnd10m  244    0   -1     3.0      0      0      0   5.0   6.1   1.4  10.0  0.000          0    0.    0.     0    0.     0.
 vwnd10m  244    3   -1     3.0      0      0      0   5.0   6.1   1.4  10.0  0.000          0    0.    0.     0    0.     0.
 vwnd10m  244    4   -1     3.0      0      0      0   5.0   6.1   1.4  10.0  0.000          0    0.    0.     0    0.     0.
 vwnd10m  244  206   -1     3.0      0      0      0   5.0   6.1   1.4  10.0  0.000          0    0.    0.     0    0.     0.
 vwnd10m  244  207   -1     3.0      0      0      0   5.0   6.1   1.4  10.0  0.000          0    0.    0.     0    0.     0.
 vwnd10m  244  209   -1     3.0      0      0      0   5.0   6.1   1.4  10.0  0.000          0    0.    0.     0    0.     0.
 vwnd10m  244  223   -1     3.0      0      0      0   5.0   6.1   1.4  10.0  0.000          0    0.    0.     0    0.     0.
 vwnd10m  245    0   -1     3.0      0      0      0   5.0   6.1   1.4  10.0  0.000          0    0.    0.     0    0.     0.
 vwnd10m  245  257    1     3.0      0      0      0   5.0   6.1   1.4  10.0  0.000          0    0.    0.     0    0.     0.
 vwnd10m  245  259    1     3.0      0      0      0   5.0   6.1   1.4  10.0  0.000          0    0.    0.     0    0.     0.
 vwnd10m  246    0   -1     3.0      0      0      0   5.0   6.1   1.4  10.0  0.000          0    0.    0.     0    0.     0.
 vwnd10m  246  257    1     3.0      0      0      0   5.0   6.1   1.4  10.0  0.000          0    0.    0.     0    0.     0.
 vwnd10m  246  259    1     3.0      0      0      0   5.0   6.1   1.4  10.0  0.000          0    0.    0.     0    0.     0.
 vwnd10m  247    0   -1     3.0      0      0      0   5.0   6.1   1.4  10.0  0.000          0    0.    0.     0    0.     0.
 vwnd10m  248    0    0     3.0      0      0      0   5.0   6.1   1.4  10.0  0.000          0    0.    0.     0    0.     0.
 vwnd10m  249    0    0     3.0      0      0      0   5.0   6.1   1.4  10.0  0.000          0    0.    0.     0    0.     0.
 vwnd10m  250    0   -1     3.0      0      0      0   5.0   6.1   1.4  10.0  0.000          0    0.    0.     0    0.     0.
 vwnd10m  250  171    1     3.0      0      0      0   5.0   6.1   1.4  10.0  0.000          0    0.    0.     0    0.     0.
 vwnd10m  250  172    1     3.0      0      0      0   5.0   6.1   1.4  10.0  0.000          0    0.    0.     0    0.     0.
 vwnd10m  250  173    1     3.0      0      0      0   5.0   6.1   1.4  10.0  0.000          0    0.    0.     0    0.     0.
 vwnd10m  251    0   -1     3.0      0      0      0   5.0   6.1   1.4  10.0  0.000          0    0.    0.     0    0.     0.
 vwnd10m  251  257   -1     3.0      0      0      0   5.0   6.1   1.4  10.0  0.000          0    0.    0.     0    0.     0.
 vwnd10m  251  259   -1     3.0      0      0      0   5.0   6.1   1.4  10.0  0.000          0    0.    0.     0    0.     0.
 vwnd10m  252    0   -1     3.0      0      0      0   5.0   6.1   1.4  10.0  0.000          0    0.    0.     0    0.     0.
 vwnd10m  252  171    1     3.0      0      0      0   5.0   6.1   1.4  10.0  0.000          0    0.    0.     0    0.     0.
 vwnd10m  252  172    1     3.0      0      0      0   5.0   6.1   1.4  10.0  0.000          0    0.    0.     0    0.     0.
 vwnd10m  252  173    1     3.0      0      0      0   5.0   6.1   1.4  10.0  0.000          0    0.    0.     0    0.     0.
 vwnd10m  253    0   -1     3.0      0      0      0   5.0   6.1   1.4  10.0  0.000          0    0.    0.     0    0.     0.
 vwnd10m  253   54    1     3.0      0      0      0   5.0   6.1   1.4  10.0  0.000          0    0.    0.     0    0.     0.
 vwnd10m  253   55   -1     3.0      0      0      0   5.0   6.1   1.4  10.0  0.000          0    0.    0.     0    0.     0.
 vwnd10m  253   56    1     3.0      0      0      0   5.0   6.1   1.4  10.0  0.000          0    0.    0.     0    0.     0.
 vwnd10m  253   57    1     3.0      0      0      0   5.0   6.1   1.4  10.0  0.000          0    0.    0.     0    0.     0.
 vwnd10m  254    0   -1     3.0      0      0      0   5.0   6.1   1.4  10.0  0.000          0    0.    0.     0    0.     0.
 vwnd10m  254   54    1     3.0      0      0      0   5.0   6.1   1.4  10.0  0.000          0    0.    0.     0    0.     0.
 vwnd10m  254   55   -1     3.0      0      0      0   5.0   6.1   1.4  10.0  0.000          0    0.    0.     0    0.     0.
 vwnd10m  254   56    1     3.0      0      0      0   5.0   6.1   1.4  10.0  0.000          0    0.    0.     0    0.     0.
 vwnd10m  254   57    1     3.0      0      0      0   5.0   6.1   1.4  10.0  0.000          0    0.    0.     0    0.     0.
 vwnd10m  255    0    0     3.0      0      0      0   5.0   6.1   1.4  10.0  0.000          0    0.    0.     0    0.     0.
 vwnd10m  256    0    0     3.0      0      0      0   5.0   6.1   1.4  10.0  0.000          0    0.    0.     0    0.     0.
 vwnd10m  257    0   -1     3.0      0      0      0   5.0   6.1   1.4  10.0  0.000          0    0.    0.     0    0.     0.
 vwnd10m  257  783    1     3.0      0      0      0   5.0   6.1   1.4  10.0  0.000          0    0.    0.     0    0.     0.
 vwnd10m  257  784    1     3.0      0      0      0   5.0   6.1   1.4  10.0  0.000          0    0.    0.     0    0.     0.
 vwnd10m  258    0   -1     3.0      0      0      0   5.0   6.1   1.4  10.0  0.000          0    0.    0.     0    0.     0.
 vwnd10m  258  783    1     3.0      0      0      0   5.0   6.1   1.4  10.0  0.000          0    0.    0.     0    0.     0.
 vwnd10m  258  784   -1     3.0      0      0      0   5.0   6.1   1.4  10.0  0.000          0    0.    0.     0    0.     0.
 vwnd10m  259    0   -1     3.0      0      0      0   5.0   6.1   1.4  10.0  0.000          0    0.    0.     0    0.     0.
 vwnd10m  259  783    1     3.0      0      0      0   5.0   6.1   1.4  10.0  0.000          0    0.    0.     0    0.     0.
 vwnd10m  259  784    1     3.0      0      0      0   5.0   6.1   1.4  10.0  0.000          0    0.    0.     0    0.     0.
 vwnd10m  260    0   -1     3.0      0      0      0   2.5  20.1   1.4  10.0  0.000          0    0.    0.     0    0.     0.
 vwnd10m  260  224   -1     3.0      0      0      0   2.5  20.1   1.4  10.0  0.000          0    0.    0.     0    0.     0.
 vwnd10m  280    0    1     0.5      0      0      0   5.0   5.0   1.0  10.0  0.000          0    0.    0.     0    0.     0.
 vwnd10m  281    0    1     0.5      0      0      0   5.0   5.0   1.0  10.0  0.000          0    0.    0.     0    0.     0.
 vwnd10m  282    0    1     0.5      0      0      0   5.0   5.0   1.0  10.0  0.000          0    0.    0.     0    0.     0.
 vwnd10m  284    0    1     0.5      0      0      0   5.0   5.0   1.0  10.0  0.000          0    0.    0.     0    0.     0.
 vwnd10m  285    0    1     0.5      0      0      0   5.0   5.0   1.0  10.0  0.000          0    0.    0.     0    0.     0.
 vwnd10m  286    0    1     0.5      0      0      0   5.0   5.0   1.0  10.0  0.000          0    0.    0.     0    0.     0.
 vwnd10m  287    0    1     0.5      0      0      0   7.0  10.0   2.0  10.0  0.000          0    0.    0.     0    0.     0.
 vwnd10m  288    0    1     0.5      0      0      0   5.0   5.0   1.0  10.0  0.000          0    0.    0.     0    0.     0.
 vwnd10m  289    0    1     3.0      0      0      0   5.0   5.0   1.0  10.0  0.000          0    0.    0.     0    0.     0.
 vwnd10m  290    4    1     3.0      0      0      0   5.0   5.0   1.0  10.0  0.000          1  100. 1200.     0    0.     0.
 vwnd10m  290    3    1     3.0      0      0      0   5.0   5.0   1.0  10.0  0.000          1  100. 1200.     0    0.     0.
 vwnd10m  290    5   -1     3.0      0      0      0   5.0   5.0   1.0  10.0  0.000          1  100. 1200.     0    0.     0.
 vwnd10m  292    0    1     0.5      0      0      0   5.0   5.0   1.0  10.0  0.000          0    0.    0.     0    0.     0.
 vwnd10m  293    0    1     0.5      0      0      0   7.0  10.0   2.0  10.0  0.000          0    0.    0.     0    0.     0.
 vwnd10m  294    0    1     0.5      0      0      0   5.0   5.0   1.0  10.0  0.000          0    0.    0.     0    0.     0.
 vwnd10m  295    0    1     0.5      0      0      0   5.0   5.0   1.0  10.0  0.000          0    0.    0.     0    0.     0.
 vwnd10m  296    0    1     0.5      0      0      0   5.0   5.0   1.0  10.0  0.000          0    0.    0.     0    0.     0.
 vwnd10m  297    0    1     0.5      0      0      0   5.0   5.0   1.0  10.0  0.000          0    0.    0.     0    0.     0.
 vwnd10m  298    0    1     0.5      0      0      0   5.0   5.0   1.0  10.0  0.000          0    0.    0.     0    0.     0.
 vwnd10m  299    0    1     0.5      0      0      0   5.0   5.0   1.0  10.0  0.000          0    0.    0.     0    0.     0.
