13 0.975 2.1
52.1528256565
-0.9064093511
-0.907891686706
-0.909454468521
-0.911100789742
-0.912833590794
-0.914655724061
-0.916569879867
-0.918578499361
-0.920683745885
-0.922887420911
-0.925190880618
-0.927594909009
-0.930099660233
-0.932704542542
-0.935408046902
-0.938207621653
-0.941099477599
-0.944078437851
-0.94713774082
-0.950268786106
-0.953460929795
-0.956701207465
-0.959974074483
-0.963261077532
-0.966540584998
-0.969787478461
-0.97297278485
-0.976063359348
-0.979021569847
-0.981804967069
-0.984365990068
-0.986651706334
-0.988603566204
-0.99015725252
-0.99124258011
-0.991783504148
-0.991698229194
-0.990899457492
-0.989294789548
-0.986787312525
-0.983276372479
-0.978658564487
-0.972828992816
-0.965682753496
-0.957116653616
-0.947031230075
-0.93533301082
-0.921937001641
-0.906769370597
-0.889770309113
-0.870896996949
-0.850126586515
-0.827459152217
-0.802920404189
-0.77656415198
-0.748474373328
-0.718766549913
-0.687588273714
-0.655118910205
-0.621567973471
-0.587172155208
-0.552190518692
-0.516897929324
-0.481577311346
-0.446512129612
-0.411979652486
-0.378244657807
-0.345553781487
-0.314130166603
-0.284168783195
-0.255832289985
-0.229247716742
-0.20450419246
-0.181651483051
-0.16069992412
-0.14162162074
-0.124353376174
-0.108801424755
-0.0948483095836
-0.0823624336358
-0.0712105671964
-0.0612727886788
-0.0524474260094
-0.0446435393414
-0.037776311998
-0.0317651581203
-0.0265329153018
-0.0220056481611
-0.0181118408777
-0.0147805032224
-0.0119448715052
-0.00954655699676
-0.00753442468012
-0.00586281624033
-0.00449025821134
-0.00337857936776
-0.00249235671868
-0.00179862676071
-0.00126677977849
-0.000868591457191
-0.000578344764499
-0.000373014599098
-0.0002324788851
-0.000139692516303
-8.0755887002e-05
-4.48213176192e-05
-2.38305085404e-05
-1.21071496339e-05
-5.86239005954e-06
-2.69842855826e-06
-1.1778311311e-06
-4.86362191501e-07
-1.89535554876e-07
-6.95329304018e-08
-2.39511706843e-08
-7.72433927268e-09
-2.32775060564e-09
-6.53216477261e-10
-1.70439099415e-10
-4.11904488708e-11
-9.19647530834e-12
-1.89607022764e-12
-3.58913680883e-13
-6.21916040236e-14
-9.87983610501e-15
-1.43403475542e-15
-1.88109373507e-16
20.9935729897
-0.278319280958
-0.277616892487
-0.276857395068
-0.276035597387
-0.275145824554
-0.274181812242
-0.273136658847
-0.272002777225
-0.270771804062
-0.269434526754
-0.267980797419
-0.266399460932
-0.264678223695
-0.262803538836
-0.260760513096
-0.258532763184
-0.256102303906
-0.25344937997
-0.250552308768
-0.247387354302
-0.243928533316
-0.240147467708
-0.236013199307
-0.231492071556
-0.226547528694
-0.221139944107
-0.215226548272
-0.20876130772
-0.201694823473
-0.193974317024
-0.185543639999
-0.176343319157
-0.16631078399
-0.155380557547
-0.143484654354
-0.130553009911
-0.116514116628
-0.101295816662
-0.0848261874442
-0.067034761327
-0.0478537556074
-0.0272196067068
-0.00507480987844
0.0186301853492
0.043934898984
0.0708664469948
0.0994370582318
0.129641489529
0.161454421601
0.194827800294
0.229688253402
0.265934740917
0.303436380424
0.342030811658
0.38152297633
0.421684457282
0.462253852635
0.502937910577
0.543413759349
0.583332415615
0.62232357589
0.660002064116
0.695975674376
0.729853971323
0.761256886505
0.789822719422
0.815215612257
0.837132464121
0.855309327766
0.869527093027
0.879616335765
0.885461170323
0.887001937831
0.884236684428
0.87722123734
0.866067671793
0.850941207643
0.8320552206
0.809664319008
0.784055354094
0.755535983076
0.724421814348
0.691031325848
0.655689450256
0.61872875549
0.580488367143
0.541311523854
0.501542893963
0.461515626361
0.42151233
0.38177851904
0.342578683045
0.304210379862
0.267002147031
0.231306577569
0.197488386484
0.165907460779
0.136897915651
0.110744186511
0.0876567301083
0.0677502076925
0.0510279040344
0.0373761164328
0.0265708130427
0.0182975316214
0.0121817169182
0.00782482794119
0.0048392278922
0.00287524204495
0.0016376691225
0.000892255307063
0.000464000831613
0.000229804283798
0.000108152892003
4.82586951078e-05
2.03677023751e-05
8.11392197392e-06
3.04298198475e-06
1.0722578347e-06
3.53978894816e-07
1.09240056588e-07
3.14612299239e-08
8.42555063274e-09
2.09363355389e-09
4.82168354302e-10
1.02563860743e-10
1.99438265672e-11
13.3715902238
0.20942936366
0.208427259292
0.207350271868
0.206192307588
0.204946784057
0.203606507864
0.202163638242
0.200609653224
0.198935261421
0.197130343054
0.195183878384
0.193083900161
0.190817372887
0.18837010197
0.185726678411
0.182870365108
0.179783033172
0.176445035447
0.172835105751
0.168930308105
0.164705913761
0.160135350619
0.155190121142
0.14983981619
0.144052046711
0.137792431192
0.131024718755
0.123710874644
0.115811215471
0.107284670508
0.0980890916957
0.0881816300073
0.0775193368217
0.0660597560902
0.0537617775848
0.0405865429175
0.0264985859962
0.0114671547147
-0.00453233075597
-0.0215164822323
-0.0394921586764
-0.0584543849696
-0.0783839677377
-0.0992451477976
-0.120983168324
-0.143521599454
-0.166759741802
-0.190570160364
-0.214796307587
-0.239250451842
-0.263712015449
-0.287926359988
-0.311604343242
-0.334422655375
-0.356025101417
-0.376025046109
-0.394009087432
-0.40954229285
-0.422174716962
-0.431449820924
-0.436914411097
-0.438130440691
-0.434688493357
-0.426222034961
-0.412421165102
-0.393044807913
-0.367932086828
-0.337012026806
-0.300312108188
-0.2579646827
-0.210211610468
-0.157406342844
-0.100013936781
-0.038608027443
0.0261349670964
0.0934444837235
0.162467786273
0.232284502124
0.301925230832
0.370392237492
0.436684294138
0.499822948345
0.558869644796
0.612933627934
0.661182022519
0.702853474639
0.737272349842
0.763863278277
0.78216850287
0.791854721628
0.792674232655
0.784453766658
0.767137220206
0.740840472682
0.705907922773
0.662963688571
0.612949316148
0.557138462509
0.497119115673
0.434736166647
0.371991969441
0.310910205877
0.253377898399
0.200986806856
0.154903333033
0.115789172703
0.0837893739862
0.0585869867358
0.0395060805925
0.0256403275586
0.0159851155906
0.00955358054935
0.00546246859131
0.00298185861226
0.00155078129479
0.000766731707063
0.000359652603914
0.00015968503041
6.69751675021e-05
2.64695356532e-05
9.83688450225e-06
3.43093363097e-06
1.11988864256e-06
3.41390998601e-07
9.70172070867e-08
2.56020605864e-08
6.18593150963e-09
8.81599895282
-0.155282138868
-0.154198727203
-0.153037571665
-0.151792727352
-0.150457820961
-0.14902593292
-0.147489574379
-0.145840668551
-0.144070476478
-0.142169556715
-0.140127714579
-0.137933979666
-0.135576510281
-0.133042533891
-0.130318328844
-0.127389150476
-0.124239214402
-0.120851621571
-0.117208317218
-0.113290107871
-0.109076613747
-0.104546303635
-0.0996765083766
-0.0944435400562
-0.0888227418152
-0.0827886067594
-0.0763150418063
-0.0693756082321
-0.0619438257827
-0.0539936120641
-0.0454997824612
-0.0364386277112
-0.0267887123834
-0.0165316755324
-0.00565327672457
0.00585550690595
0.0179971761049
0.0307662571632
0.0441477542566
0.058115347847
0.0726296492308
0.0876362784925
0.103063801949
0.118821817447
0.134799120295
0.150861897479
0.166852212745
0.182586862559
0.197856676799
0.212426396811
0.226035292812
0.238398645006
0.249210216525
0.258145911601
0.264868635917
0.269034522668
0.270300650127
0.268334138297
0.26282282796
0.253487272892
0.240094207996
0.222471080703
0.200521552186
0.174240939822
0.14372920545
0.109201468035
0.0709950877977
0.0295743850745
-0.0144689105428
-0.0604180634806
-0.107438519286
-0.154588584205
-0.200834338717
-0.245069133653
-0.286136352899
-0.32285720483
-0.354060325544
-0.378616492016
-0.395473917993
-0.403697493768
-0.40250814373
-0.391322440643
-0.369779463854
-0.337751746273
-0.295359411989
-0.242980401257
-0.18126053625
-0.111116175253
-0.0337130988367
0.0496247910265
0.137417067736
0.227901600693
0.318980605582
0.408210866649
0.492835781249
0.569863345425
0.636204312221
0.688866481802
0.72520365542
0.743193929427
0.741717028438
0.720782548828
0.681662101201
0.626876705461
0.560023353286
0.485442651084
0.407774161616
0.33147179967
0.260358936169
0.197294967662
0.144001000457
0.101061005667
0.0680786556714
0.0439407685521
0.0271239769306
0.0159825859299
0.00897301299711
0.00479019554218
0.0024269192629
0.00116441755006
0.000528040744792
0.000225887090817
9.09447261589e-05
3.43923816509e-05
1.21877440769e-05
4.02508563444e-06
1.21159650499e-06
6.37696014886
0.115284214411
0.114276463679
0.113198074313
0.112043852107
0.110808256665
0.10948529944
0.108068530964
0.106551033051
0.104925361013
0.10318351869
0.101316925513
0.0993164111646
0.0971721455074
0.0948736040756
0.0924095736012
0.0897681098671
0.0869365505756
0.0839014792671
0.0806487241654
0.0771634132998
0.0734299767133
0.0694322274459
0.065153429311
0.0605764640123
0.0556839436928
0.0504583919145
0.0448825577693
0.038939716223
0.0326140299623
0.0258910332928
0.0187581737877
0.0112054249105
0.00322608648847
-0.00518241514593
-0.0140175315824
-0.023270562578
-0.032925470475
-0.0429576003479
-0.0533323676887
-0.0640037920367
-0.0749131275602
-0.0859874397352
-0.0971381969691
-0.108260083151
-0.119230008731
-0.129906358368
-0.140128644238
-0.149717643649
-0.158476178434
-0.166190555492
-0.172632834799
-0.177564087214
-0.180738574699
-0.181909120719
-0.180833558559
-0.177282301953
-0.171047150248
-0.161950938699
-0.149858341057
-0.134687180519
-0.116420448094
-0.0951183950233
-0.0709304823485
-0.0441061078723
-0.0150014891695
0.0159172075585
0.0480753689425
0.0807951277451
0.113305570979
0.14475700776
0.174240073469
0.200808991834
0.22350864521
0.241405603865
0.253621720958
0.259370184495
0.257992893436
0.248997981118
0.232097361476
0.207241697699
0.174653674124
0.134855372459
0.0886775913402
0.0372504896173
-0.0180117870842
-0.0754283936487
-0.133082264755
-0.188855107973
-0.240487800136
-0.285665593871
-0.322008640321
-0.347042122551
-0.358263867042
-0.353292492537
-0.330061325865
-0.287079215733
-0.223720707084
-0.140539861953
-0.0395417631294
0.0756275167047
0.199658340263
0.325763602942
0.446136308735
0.552640167158
0.637701733645
0.695252472585
0.721572336759
0.715856270567
0.680368708598
0.620141311495
0.542236209248
0.454709118827
0.365477662383
0.281310426863
0.207124813697
0.145697784186
0.0977810156398
0.0625140406092
0.0380132822855
0.021947138335
0.0120109555766
0.00621988093572
0.00304201653885
0.00140239017072
0.000607548615001
0.000245153615181
8.90774770448e-05
4.96199848004
-0.0892968732312
-0.0883915073482
-0.0874236667997
-0.086388882324
-0.0852824043773
-0.0840991160642
-0.082833526768
-0.0814797708051
-0.0800315621744
-0.0784821795624
-0.076824445213
-0.0750507293907
-0.0731528986189
-0.0711222971063
-0.0689497651277
-0.066625616995
-0.0641396695396
-0.0614812297101
-0.0586391155401
-0.0556017290041
-0.0523570854841
-0.048892915028
-0.0451967555071
-0.0412561353803
-0.0370587129038
-0.0325924787294
-0.0278460763617
-0.0228091138809
-0.0174725306838
-0.0118290696682
-0.00587380009791
0.000395299336535
0.00697660263339
0.013864104918
0.0210465407457
0.028506485514
0.0362193459011
0.0441522996261
0.0522632499215
0.0604997005866
0.068797755399
0.0770811460754
0.0852603713273
0.0932320947986
0.100878803337
0.108068804629
0.11465667235
0.120484204921
0.125382072078
0.129172112275
0.131670416216
0.132691339035
0.132052295169
0.129579551874
0.125114867004
0.118522919597
0.109699559361
0.0985804540091
0.0851502920274
0.0694519241527
0.0515954562888
0.0317667371863
0.0102349287004
-0.0126419489336
-0.0364158672745
-0.0605521620728
-0.0844376039042
-0.107392805157
-0.128689079154
-0.147569575181
-0.163274050538
-0.175067176542
-0.182269114941
-0.184288085994
-0.180653749859
-0.171049701197
-0.15534538089
-0.133623748654
-0.106206504774
-0.073672323274
-0.0368699074434
0.00307847160349
0.0447954294034
0.0866879142073
0.126995251746
0.1638419664
0.195303489368
0.219479591803
0.234580653758
0.23900563171
0.231370280661
0.210585610019
0.176022801233
0.12772241503
0.0666358345869
-0.00513856279366
-0.0841489446667
-0.165487037313
-0.242833900797
-0.308746841876
-0.355205998357
-0.374476383087
-0.360176250681
-0.30849217259
-0.219255466865
-0.0966914096588
0.0504534944095
0.209571444395
0.365612609805
0.503163631041
0.608784438192
0.673125194051
0.692385092807
0.668733375634
0.609577253106
0.525887142151
0.429996659106
0.333409017512
0.245129631176
0.170802886641
0.112702641601
0.0703485295769
0.0414824872174
0.0230631436915
0.0120367420694
0.00581257218844
0.00247781274519
4.06914563096
0.0724066620837
0.0715913889291
0.0707204937445
0.0697900786294
0.0687960129966
0.0677338580775
0.0665988644669
0.0653859745509
0.0640897860507
0.0627045433049
0.0612241236994
0.0596420476578
0.0579514392499
0.0561450174876
0.0542151215367
0.0521537010966
0.0499523529622
0.0476023227452
0.0450945379075
0.0424196883375
0.0395682704602
0.0365306965361
0.0332973989516
0.0298590152481
0.0262065371803
0.0223315177276
0.0182263826353
0.0138847357974
0.00930171316537
0.0044744278318
-0.000597541298946
-0.00591161055854
-0.0114615240995
-0.0172366984292
-0.023221450882
-0.029394225126
-0.0357267392214
-0.0421831140716
-0.0487190473402
-0.0552809586092
-0.0618052760326
-0.0682178022158
-0.0744332446235
-0.0803550227177
-0.0858753640999
-0.0908757805174
-0.0952279980329
-0.0987953935849
-0.101435096296
-0.103000697634
-0.103345667131
-0.102327576247
-0.09981297081
-0.0956830188251
-0.0898397794685
-0.0822129805252
-0.0727672373298
-0.0615093560078
-0.0484956930442
-0.0338390982501
-0.0177152737923
-0.000368131853167
0.0178861886274
0.0366577560287
0.0554857693206
0.0738462739247
0.0911642192287
0.106829869002
0.120218805412
0.130715725113
0.137740569358
0.140776996543
0.139401567548
0.133312906129
0.122359852692
0.106566257605
0.0861530227993
0.0615535360925
0.0334240355168
0.00264534466939
-0.0296832401067
-0.0622605276065
-0.0936230873869
-0.122206319975
-0.146411912806
-0.16468124552
-0.175575685816
-0.177864174117
-0.170610535843
-0.15323411844
-0.125555420577
-0.0879114693869
-0.0413215847757
0.0123510767993
0.0702504952486
0.128453486887
0.182000824514
0.225111828008
0.251621183038
0.255683054421
0.23272047974
0.180544134674
0.100464153861
-0.00185619325684
-0.116108558668
-0.227893826312
-0.320299664001
-0.376395180082
-0.38238398348
-0.330726970182
-0.222479615743
-0.0681655693939
0.1133770693
0.298132472939
0.461381397627
0.582503249901
0.648874522099
0.657807972928
0.616065757342
0.537310639968
0.438340174878
0.335240547023
0.240498626411
0.161602134317
0.101063466649
0.0575744032865
0.0281581449778
3.45505426153
-0.0619972450859
-0.0612413315738
-0.0604342995215
-0.0595726248959
-0.0586525819081
-0.057670175084
-0.0566211393221
-0.0555009447341
-0.0543047659013
-0.0530274771997
-0.0516636441111
-0.0502075367458
-0.0486530984723
-0.0469939435728
-0.0452233868028
-0.0433344417632
-0.0413198625849
-0.03917215471
-0.0368836155887
-0.0344464200169
-0.0318526734771
-0.0290945262439
-0.0261642843897
-0.0230545955599
-0.0197586035415
-0.0162701569576
-0.0125841134373
-0.00869663889119
-0.00460555056635
-0.000310741319499
0.0041853579822
0.00887727324114
0.0137558718165
0.0188077641072
0.0240146125802
0.0293524488296
0.0347909371126
0.040292640541
0.0458123540302
0.0512964435678
0.0566823408422
0.0618981508858
0.0668624573927
0.0714844178763
0.0756641654753
0.0792936083268
0.0822576833118
0.0844361047234
0.0857057415657
0.0859435650091
0.0850302278447
0.0828543373964
0.0793172722003
0.0743385817191
0.0678618269281
0.0598607093038
0.0503453401923
0.0393683734666
0.0270308151628
0.013487181952
-0.00105029067756
-0.0163086848617
-0.0319530103796
-0.0475875035272
-0.0627613943158
-0.0769795370733
-0.089716995173
-0.100437742511
-0.108616189201
-0.113761792492
-0.115444908069
-0.113323739938
-0.107170691114
-0.0968969943087
-0.082574763111
-0.0644540059945
-0.0429750029017
-0.0187729354192
0.00732459735092
0.0343089664645
0.0610112381227
0.0861330472363
0.108300160745
0.126136718307
0.138342045025
0.143772190546
0.141521787115
0.131009458425
0.112052647926
0.0849052111357
0.050299617979
0.00955545422627
-0.035301131868
-0.0814601020253
-0.125307933766
-0.162524328904
-0.188333711505
-0.197958743747
-0.187297897961
-0.153794630217
-0.0974246268488
-0.0215972698367
0.0662503335437
0.154724252417
0.229436727951
0.275063720537
0.278346618061
0.231577982018
0.135810614107
0.00270968241929
-0.145820446898
-0.280801602147
-0.371909301532
-0.394580127356
-0.336699062064
-0.202741242882
-0.0137259489812
0.197358176795
0.393447736276
0.542331144732
0.623886832822
0.633466645472
0.58067317612
0.484502902081
0.366481058995
0.244942869172
0.135415178214
2.95708172368
0.0594072991457
0.058629878803
0.0578003054464
0.0569150378592
0.0559703402073
0.0549622140854
0.0538864007287
0.0527383883833
0.0515133835128
0.0502063091422
0.0488117995237
0.0473242179883
0.045737629457
0.044045803334
0.0422422496392
0.0403202240909
0.0382727781876
0.0360927787955
0.0337729593083
0.0313060172152
0.0286846804059
0.025901836225
0.0229506586885
0.0198248124103
0.0165186262686
0.0130273229033
0.00934734481087
0.00547667581255
0.00141520603912
-0.00283482313736
-0.00726833780383
-0.0118769105475
-0.0166481356418
-0.0215650280892
-0.0266053424504
-0.0317409116593
-0.036936949602
-0.0421513774988
-0.0473342426366
-0.0524271759826
-0.0573630344293
-0.0620656964511
-0.0664501010538
-0.0704226168787
-0.0738817614336
-0.0767193630825
-0.0788222171523
-0.0800742682938
-0.0803594318431
-0.0795649961474
-0.0775856357642
-0.0743280550681
-0.0697161215915
-0.0636964351894
-0.0562441959487
-0.0473691718943
-0.0371215218654
-0.0255972654853
-0.0129430438097
0.000640034837695
0.0148938973779
0.0295025566082
0.0440930285562
0.0582393415824
0.0714713509014
0.0832888153764
0.0931793501481
0.100640429748
0.105203666858
0.106461502026
0.104094135419
0.0978962193513
0.0878015580008
0.0739042405207
0.0564753569906
0.0359728506298
0.0130444750544
-0.0114782311981
-0.0365954146345
-0.0611636023461
-0.0839311735479
-0.103583734649
-0.118812781389
-0.128405073666
-0.131329710099
-0.126826786542
-0.114489272318
-0.0943421026602
-0.0669003924721
-0.0331796297904
0.00527733844629
0.0463157094884
0.0871144017585
0.124208289828
0.153613937364
0.171102155355
0.172658479914
0.155133816198
0.117072438011
0.059598324664
-0.0127888524934
-0.0918138712777
-0.165686878918
-0.220372716564
-0.241941938823
-0.219906424237
-0.150906024403
-0.041808205888
0.0890808172391
0.213811655577
0.300087126413
0.319576327214
0.25724565916
0.118780696371
-0.0670538860693
-0.253319374608
-0.386818935684
-0.423912219294
-0.345077087076
-0.162723980255
0.0812717244327
0.327911923153
0.518817263621
0.613003211717
0.595507210789
0.477566707819
0.299529540236
2.46755589125
-0.0598042667974
-0.0589591866982
-0.0580579167875
-0.0570967065896
-0.0560716093765
-0.0549784105716
-0.0538126327205
-0.0525695463573
-0.0512441420784
-0.0498311325141
-0.04832495084
-0.0467197749108
-0.0450095031018
-0.0431877638202
-0.0412479616639
-0.0391832910579
-0.0369867993524
-0.0346514183081
-0.0321700308532
-0.0295355888613
-0.026741198874
-0.0237802763007
-0.0206466991383
-0.0173350447202
-0.0138407955726
-0.0101606059035
-0.00629267084601
-0.00223709070627
0.00200371976228
0.00642454010867
0.0110168177955
0.0157681050771
0.0206613955458
0.0256744957526
0.0307793287572
0.0359412757452
0.0411185032191
0.0462613434904
0.0513118046691
0.0562031638404
0.0608597937081
0.0651972006316
0.069122371679
0.0725345199089
0.0753262494833
0.077385230567
0.0785964366934
0.0788449651318
0.0780195169392
0.0760164860358
0.0727446402429
0.0681303485149
0.062123233944
0.054702059536
0.0458807165393
0.0357140547056
0.0243031698405
0.0118000392469
-0.00158907726364
-0.0156015169495
-0.0299179605295
-0.0441641300575
-0.0579147104877
-0.0707009095403
-0.0820233903541
-0.091371024249
-0.0982434747193
-0.102177589581
-0.10277533295
-0.099732958179
-0.0928690182023
-0.0821500736697
-0.0677123927983
-0.0498774961698
-0.0291606479157
-0.00627018717725
0.0179030803253
0.0423067185903
0.0657596151512
0.0869940134309
0.104709126488
0.117633548569
0.124611151271
0.124706789975
0.117301702329
0.10218304878
0.0796167507406
0.0504057442509
0.0159144344258
-0.0219668979884
-0.0608324724299
-0.0977325846617
-0.129228661127
-0.151559877368
-0.160958833587
-0.154126365305
-0.128890528701
-0.0849832193596
-0.0248490358818
0.0457301598934
0.117445874791
0.178051365794
0.21397791911
0.213088126625
0.168290281412
0.0812775064149
-0.0348696414016
-0.155643180469
-0.248982360788
-0.283224448636
-0.23788707943
-0.114092900328
0.0598729123459
0.231956563231
0.340530083594
0.336600042605
0.20637729029
-0.0159669674146
-0.253849991885
-0.41383522282
-0.423129772296
-0.263210334686
0.0168568417653
0.316349387724
0.521037907727
0.549773441326
0.405262770003
1.98477505435
-0.0584853065395
-0.0575851104009
-0.0566256627818
-0.0556030867466
-0.054513314534
-0.0533520140083
-0.0521145970314
-0.0507962344619
-0.0493918304672
-0.0478960291675
-0.0463032182539
-0.0446075604162
-0.0428029745361
-0.0408831535388
-0.0388416219179
-0.0366717601131
-0.0343668822452
-0.0319202820278
-0.029325317394
-0.0265755501439
-0.0236648537275
-0.0205875942638
-0.0173388127527
-0.0139144951074
-0.0103118114148
-0.00652941934546
-0.00256787380758
0.00156996936115
0.00587850512555
0.0103488505277
0.0149682853594
0.0197196631123
0.0245807322303
0.0295235077564
0.0345135951292
0.0395095777114
0.0444624226925
0.0493149799649
0.0540016546233
0.058448220266
0.0625719246196
0.0662818735118
0.0694797916239
0.0720612549867
0.0739174129151
0.0749372679081
0.0750105726308
0.0740313441707
0.071901999811
0.0685380868689
0.0638735175177
0.057866161388
0.0505037241028
0.0418095265468
0.031848074105
0.0207300983382
0.00861652241963
-0.00427860842015
-0.0176870433973
-0.0312869290707
-0.0447057705671
-0.057525685998
-0.0692910746408
-0.0795202791001
-0.0877229992558
-0.0934236681679
-0.0961882401678
-0.0956537515356
-0.0915581660726
-0.0837692673364
-0.0723103830871
-0.0573808033403
-0.0393695650862
-0.0188600396
0.00337559295616
0.0263929573618
0.049104885419
0.0703210852465
0.0888011235928
0.103314486011
0.112709955934
0.115990066576
0.112406016321
0.101567446797
0.0835301374206
0.0588636911702
0.0286906434023
-0.00530674404603
-0.0409257404378
-0.0755478715013
-0.106217312993
-0.129713899419
-0.142760205108
-0.142355126553
-0.126263764384
-0.0936211154154
-0.0456173370605
0.0138795568527
0.0779541884057
0.136791492582
0.178643082594
0.19179155311
0.167536613783
0.103725599644
0.00796824493373
-0.100952985892
-0.194955304318
-0.242867596395
-0.220609269544
-0.122762060043
0.0289893451817
0.186218282888
0.286589186935
0.278183312133
0.14731536328
-0.0641916143826
-0.265889387352
-0.354628633822
-0.268297577214
-0.0301480407933
0.246773601797
0.409111713642
0.348763979438
0.0766242727572
-0.264923804166
-0.474376909379
-0.436813278517
1.53854330251
0.0553941339396
0.0544597944062
0.0534646312313
0.0524047516683
0.0512760851003
0.0500743097416
0.0487948647756
0.0474329697795
0.0459836026442
0.0444415116226
0.042801225002
0.0410570902517
0.0392032624246
0.0372337315344
0.0351423918818
0.0329230786951
0.0305696609619
0.0280761033449
0.0254365695976
0.0226455838603
0.0196981614341
0.0165900159326
0.0133177694498
0.00987925294033
0.00627377671318
0.00250246651722
-0.00143129441987
-0.00552143122436
-0.00975870161628
-0.0141301456767
-0.0186185138522
-0.0232016772599
-0.0278519672931
-0.03253558516
-0.0372119918121
-0.0418333953223
-0.0463443007695
-0.0506812019473
-0.0547724940672
-0.0585385953097
-0.0618924263558
-0.0647402371528
-0.0669828689893
-0.0685175577793
-0.0692402834787
-0.0690486871214
-0.0678456263358
-0.0655433389228
-0.0620681057788
-0.0573654228495
-0.0514054989088
-0.0441887992685
-0.035751632893
-0.0261711823843
-0.015569889305
-0.0041188451875
0.00796050371091
0.0203961267925
0.0328675915386
0.0450103072274
0.0564224039857
0.0666740302919
0.0753188953082
0.0819097298072
0.0860195535628
0.0872683422203
0.0853522172215
0.0800733345384
0.0713682619542
0.0593321672908
0.044237340045
0.0265428283141
0.0068945646026
-0.013886443842
-0.0348286558327
-0.0548462735276
-0.0727893573647
-0.0875022695559
-0.0978929545946
-0.103004861855
-0.102090959791
-0.0946858209288
-0.0806917507379
-0.0604702211913
-0.0348973015057
-0.00537945645503
0.0261697877626
0.0574033840337
0.0856661938452
0.108176134237
0.122184228148
0.125165674433
0.115158330353
0.0911985919728
0.053839479843
0.00565937967669
-0.0483641219151
-0.100797710814
-0.142268781241
-0.162733387046
-0.153648875392
-0.11082134653
-0.0374336515093
0.0538841728023
0.141263066079
0.197490979131
0.197944419526
0.131348073515
0.00949942219769
-0.129423828206
-0.229306531596
-0.237642809811
-0.134121886008
0.0475499832566
0.222053559632
0.288395871434
0.189407592148
-0.0376454237301
-0.261070627218
-0.325178369326
-0.161213124903
0.138002677736
0.355782315045
0.304898641797
-0.00370741605607
-0.332321458941
-0.420931091713
1.14945529348
-0.0511057018868
-0.0501579261273
-0.0491491556102
-0.0480755768101
-0.0469332165513
-0.0457178708463
-0.0444251208503
-0.0430503566611
-0.0415887598246
-0.0400353211056
-0.0383848567088
-0.0366320551138
-0.0347714739773
-0.0327975776465
-0.0307048181477
-0.0284876849459
-0.0261408126869
-0.0236590599239
-0.0210376314483
-0.0182722602504
-0.0153593612867
-0.0122962632769
-0.00908144534122
-0.00571486391711
-0.00219825112407
0.00146452198882
0.00526698020852
0.00919958999402
0.0132492691771
0.0173988324857
0.0216264289198
0.0259049787725
0.0302015671
0.0344769310837
0.0386849627502
0.0427723511391
0.0466783416861
0.0503346940476
0.0536659085254
0.056589736051
0.0590181155834
0.0608585229305
0.0620157956249
0.0623945547779
0.0619022049445
0.0604524603954
0.0579694797235
0.0543925368184
0.0496809756061
0.0438194934634
0.0368234654284
0.0287438857513
0.0196719828551
0.00974273189944
-0.000862817265819
-0.0119167332966
-0.0231456599386
-0.03423420338
-0.0448310603607
-0.0545574574542
-0.0630180746884
-0.0698141184616
-0.0745579374505
-0.0768908489299
-0.0765064683258
-0.0731780574274
-0.066787035592
-0.05734914644
-0.0450368438289
-0.0301936528205
-0.0133401158075
0.00483244755067
0.0234801927263
0.0416383195089
0.0582662670799
0.0723031771353
0.0827345359594
0.0886628624639
0.0893813169376
0.0844430768276
0.0737203582609
0.0574517166962
0.0362960160926
0.0113800427647
-0.0157027726284
-0.0429517825616
-0.0680629117598
-0.0885891287697
-0.10214600484
-0.106641886898
-0.100489881952
-0.0828704931093
-0.0540868485906
-0.0159348350965
0.0280030083774
0.0722460668838
0.109680686374
0.132337244819
0.132841826357
0.106482272406
0.0536258174417
-0.0182011824436
-0.0936077473494
-0.15118908157
-0.1688216502
-0.132033067018
-0.043255430146
0.0723978105117
0.170237515184
0.201241073816
0.137166690172
-0.00554717930758
-0.159763359313
-0.233618474641
-0.165383728726
0.0219187042654
0.211028568925
0.256106959626
0.0981654513963
-0.157464165736
-0.293761070372
-0.164377908518
0.138316615042
0.321914912124
0.173035789364
-0.178847572028
-0.377008300045
